5 2
4.9654717611027746 1.985791968812185
4.9829195274122675 1.9933059056756237
4.973889187401392 1.9894664027373152
4.978330326872037 1.9913853620815174
4.976101014116543 1.9904541003982563
4.97721573529858 1.990923218395613
4.976658288107931 1.9906859597967657
4.97693744498215 1.9908041167253776
4.976796557764735 1.9907442055053963
4.976867499315704 1.9907748677066956
4.9768320638705665 1.9907594794265666
4.97684980966431 1.9907676937514918
4.976840883621535 1.9907634668405472
4.976845325803365 1.9907656180419375
4.9768430978023925 1.9907644567479756
4.976844226822912 1.990765083190213
4.976843661660165 1.9907647746153965
4.976843942045275 1.9907649253349218
4.97684380338191 1.990764851596929
4.976843872130308 1.9907648876983184
4.976843837967892 1.9907648704272927
4.976843854988499 1.990764878951424
4.976843846319522 1.9907648730645628
4.976843850843792 1.9907648773368494
4.976843848767589 1.9907648756338137
4.976843849810515 1.9907648764733321
4.97684384945899 1.9907648756230907
