5 2
4.953962348137033 1.9810559584162466
4.976981174068516 1.9905279792081234
4.976981174068516 1.9905279792081234
4.976707215351101 1.9910091266290328
4.976844194709808 1.9907685529185781
4.976844194709808 1.9907685529185781
4.976843500575712 1.990761218790626
4.97684384764276 1.990764885854602
4.97684384764276 1.990764885854602
4.976843851251047 1.9907648660914938
4.976843849446904 1.990764875973048
4.976843849446904 1.990764875973048
4.976843848986271 1.99076487597131
4.976843848986271 1.99076487597131
4.97684384989602 1.9907648737358972
4.97684384989602 1.9907648737358972
4.976843848530969 1.9907648759031047
4.976843849213494 1.9907648748195008
4.976843849213494 1.9907648748195008
4.976843849691367 1.9907648770409958
4.976843849452431 1.9907648759302483
4.976843849332962 1.9907648753748746
4.976843849273228 1.9907648750971878
4.976843849243361 1.9907648749583442
4.976843849243361 1.9907648749583442
4.9768438497121235 1.9907648772420479
4.976843849477742 1.990764876100196
4.976843849360551 1.9907648755292702
4.9768438493019564 1.9907648752438072
4.9768438493019564 1.9907648752438072
4.9768438488498346 1.990764876339151
4.9768438488498346 1.990764876339151
4.976843850206297 1.9907648741568371
4.976843849528066 1.990764875247994
4.97684384918895 1.9907648757935725
4.976843849019392 1.9907648760663619
4.976843848934614 1.9907648762027563
4.976843848934614 1.9907648762027563
4.976843849845894 1.9907648751006086
4.976843849845894 1.9907648751006086
4.976843848477033 1.990764878453712
4.9768438491614635 1.9907648767771602
4.976843849503679 1.9907648759388845
4.976843849503679 1.9907648759388845
4.976843849044452 1.9907648759354186
4.976843849274065 1.9907648759371515
4.976843849388872 1.990764875938018
4.976843849446276 1.9907648759384513
4.976843849474977 1.9907648759386678
4.9768438494893275 1.9907648759387762
4.976843849496503 1.9907648759388303
4.976843849500091 1.9907648759388574
4.9768438495018845 1.990764875938871
4.976843849502782 1.9907648759388779
4.97684384950323 1.9907648759388812
4.97684384950323 1.9907648759388812
4.9768438499544905 1.990764874822864
4.97684384972886 1.9907648753808727
4.976843849616046 1.9907648756598768
4.976843849616046 1.9907648756598768
4.9768438491647045 1.9907648767654633
4.976843849390375 1.99076487621267
4.976843849503211 1.9907648759362735
4.976843849559628 1.9907648757980752
4.976843849587837 1.990764875728976
4.976843849587837 1.990764875728976
4.976843849115701 1.99076487461472
4.976843849351769 1.9907648751718479
4.9768438494698035 1.990764875450412
4.9768438494698035 1.990764875450412
4.976843849010604 1.9907648743094617
4.976843849010604 1.9907648743094617
4.976843849027825 1.9907648765275126
4.976843849019214 1.9907648754184872
4.976843849019214 1.9907648754184872
4.976843848562177 1.9907648765257397
4.976843848790695 1.9907648759721135
4.976843848904954 1.9907648756953003
4.976843848962084 1.9907648755568939
4.976843848990649 1.9907648754876905
4.976843849004931 1.990764875453089
4.976843849012073 1.990764875435788
4.976843849012073 1.990764875435788
4.976843849946361 1.9907648765552273
4.976843849479217 1.9907648759955077
4.976843849479217 1.9907648759955077
4.9768438490192795 1.9907648759920689
4.976843849249248 1.9907648759937882
4.976843849364233 1.990764875994648
4.976843849364233 1.990764875994648
