5 2
1.4370588581832693 0.5748235432733078
1.4370588581832693 0.5748235432733078
-6.112996361998496 -0.20814890091379912
-3.4822995753112154 0.06466540744805671
-1.7682272876060994 0.24242190451716705
-0.6513962554830854 0.3582419743661811
0.07629274763528238 0.4337063810180243
0.07629274763528238 0.4337063810180243
-5.41478242119159 -10.815067817824088
-3.501504520458117 -6.895611168028578
-2.2548779062006865 -4.341826915782619
-1.442618529358893 -2.677868211874078
-0.9133780272536046 -1.5936894814750744
-0.5685429695683144 -0.8872756043226261
-0.3438602090165511 -0.42700041920632825
-0.19746458663400002 -0.12710080952167446
-0.19746458663400002 -0.12710080952167446
20.88128419198749 15.075626560359352
13.53672907786304 9.778477748265505
8.751267503442484 6.32703627899082
5.633223983527301 4.078194753407878
3.6016131888544227 2.6129263279667834
2.2778848974854693 1.6582074052814342
1.4153886979352452 1.0361451226938012
0.8534155958349149 0.6308305591888433
0.4872530925694406 0.36674141572583047
0.24867409600084361 0.1946699384714124
0.09322416025903274 0.08255403360588515
-0.00806171515198753 0.009503134500564586
-0.00806171515198753 0.009503134500564586
6.553508536913188 -7.725017995993496
4.267233632381411 -5.030046993640251
2.7775748941471208 -3.274095819533429
1.8069640756496645 -2.129977933606367
1.174547175856249 -1.3845097473602173
0.7624858969973802 -0.8987881066616017
0.49400082395415323 -0.5823084545506616
0.3190651089395041 -0.3761011090097012
0.20508296445447555 -0.24174343681362756
0.13081608727437552 -0.15420056082834047
0.0824263235003791 -0.097160609104621
0.05089720410002001 -0.05999532231199775
0.03035390542212279 -0.035779689222610774
0.01696859277794894 -0.02000160874682108
0.008247179659662929 -0.009721149731706479
0.002564604377200715 -0.003022753325146038
0.002564604377200715 -0.003022753325146038
-5.711137709546907 6.7313847387222525
-3.720288917189868 4.384887443945471
-2.4231197560538345 2.8559898505376355
-1.577928579776598 1.8598123325274847
-1.0272308405308646 1.210737043464518
-0.6684149790755327 0.7878217264096709
-0.4346228037013001 0.512264532331603
-0.2822917973613803 0.33272086449530525
-0.1830381099555093 0.21573633513847765
-0.11836779299010004 0.13951320639346185
-0.07623082049350838 0.08984881583154725
-0.04877580659388248 0.057489193096332776
-0.030887056084110534 0.0364047667756277
-0.019231356474166905 0.022666873818381682
-0.011636900208312715 0.013715731395340477
-0.006688611568069443 0.0078834723344408
-0.003464475486431662 0.004083371280759933
-0.001363738397576723 0.001607355063476399
5.030229040607279e-06 -5.9326416789046155e-06
5.030229040607279e-06 -5.9326416789046155e-06
-5.315709873871218 6.269338892487265
-3.463533471269282 4.084885295112889
-2.2567185088960717 2.6615698472872915
-1.470399046364372 1.734186053713492
-0.9580601075594922 1.1299344087972383
-0.6242375319735188 0.7362246492413174
-0.4067301290991632 0.47969680016766825
-0.26500972501294184 0.3125520044059923
-0.17266954408602472 0.20364615714185552
-0.11250383210831812 0.13268682206790683
-0.07330190656033443 0.08645213990318662
-0.047759269131908616 0.056327198165147536
-0.031116557895659758 0.03669881375261807
-0.02027273497137084 0.02390962803414276
-0.013207269859098814 0.015576630885521364
-0.008603653809548958 0.01014713419922173
-0.005604094630513122 0.006609459369773867
-0.003649684190611665 0.004304431128300087
-0.0023762570169482337 0.0028025533554294386
-0.0015465353098199207 0.0018239810307794384
-0.0010059169489760854 0.0011863766851604419
-0.0006536684666590168 0.000770935443556115
-0.0004241553715044113 0.0005002481020854569
-0.0002746124678673371 0.0003238774640874178
-0.00017717541307469894 0.00020896037273459872
-0.00011368875195098215 0.00013408431606841493
-7.232300922389204e-05 8.529763172165667e-05
-4.5370502333833175e-05 5.350989241586644e-05
-2.7809168249943225e-05 3.2798085829649364e-05
-1.6366802014253846e-05 1.9302979180567045e-05
-8.911346497821747e-06 1.0510028033982937e-05
-4.0536260042992825e-06 4.780841012591565e-06
-8.885010375982546e-07 1.0478981838541773e-06
-8.885010375982546e-07 1.0478981838541773e-06
5.314891365438879 -6.268443538171084
3.4630016022151016 -4.084303614794114
2.256373404282839 -2.661192546245157
1.4701756310899399 -1.733941919236217
0.9579159809071478 -1.1297770411110395
0.6241450670826282 -0.7361238158363893
0.4066713252497463 -0.4796328025719152
0.26497285354990174 -0.31251200776695215
0.17264696301778867 -0.20362179870748728
0.11249056217386152 -0.13267265295425135
0.07329470344302652 -0.0864446098033288
0.04775601894570314 -0.056323993820209806
0.031115883304517977 -0.03669842792202583
0.020273738550113694 -0.0239110786513527
0.013209366876092659 -0.015579278069474177
0.008606463273607713 -0.010150561025246835
0.005607368300776328 -0.006613394183978077
0.0036532603218026607 -0.004308696930273275
0.0023800302213622107 -0.002807034817742217
0.0015504369204234168 -0.0018286030100128745
0.001009902224672472 -0.001191090220426056
0.0006577082556759421 -0.0007757086336091309
0.00042823067954143754 -0.0005050601611629959
0.0002787109188862339 -0.00032871484889543346
0.00018128894327112775 -0.00021381425892467992
0.00011781210722510892 -0.0001389489539961538
7.645276618349311e-05 -9.016927511488932e-05
4.95044304133146e-05 -5.838610033144394e-05
3.1945814088853167e-05 -3.767726783228148e-05
2.0505218652499018e-05 -2.4184098996871696e-05
1.3050916928508136e-05 -1.5392410463573782e-05
8.193948206782126e-06 -9.664046117929351e-06
5.029313068939178e-06 -5.931639316645503e-06
2.9673447653608784e-06 -3.4997303650331135e-06
1.6238365567464754e-06 -1.9151814495992053e-06
7.484524378529425e-07 -8.827434285383907e-07
1.7808200714205748e-07 -2.1004203260825532e-07
1.7808200714205748e-07 -2.1004203260825532e-07
-5.310258910154865 6.264778300533739
-3.4599834999088785 4.0819157629161085
-2.254407159308031 2.6596369953536714
-1.4688947404712558 1.7329286672760427
-0.9570816438080617 1.129117132635571
-0.6236016890240492 0.7356941339222791
-0.4063175261767481 0.47935312843168254
-0.2647425776769772 0.3123300735751032
-0.17249717064840073 0.20350354853189362
-0.11239321010991948 0.1325958971112563
-0.07323151969326591 0.08639489025199763
-0.04771509810391139 0.056291890194263096
-0.031089468214124966 0.03667780223214403
-0.020256774912510964 0.023897931593074698
-0.013198561482719504 0.015571003832437636
-0.008599670382104118 0.010145461752309235
-0.005603189818616216 0.0066103636093427665
-0.003650785299587859 0.004307014248884165
-0.002378665115539236 0.002806230377612908
-0.0015497949982598166 0.001828370801929828
-0.001009731504312032 0.001191230859224338
-0.0006578445543367747 0.0007760922067167094
-0.00042856702132347844 0.000505602021979521
-0.00027917760194217024 0.0003293598445835874
-0.00018184055225492425 0.0002145264537770438
-0.00011841905104650034 0.0001397049335316146
-7.709576429747578e-05 9.095378325627011e-05
-5.017092027446333e-05 5.918919673927253e-05
-3.262761037110331e-05 3.84924757204433e-05
-2.1196988076605203e-05 2.500719831247105e-05
-1.3749184511643254e-05 1.622065156409854e-05
-8.89644976867487e-06 1.04956374301146e-05
-5.734573346960634e-06 6.765413512466089e-06
-3.6744025287062973e-06 4.334926853367816e-06
-2.3320655002130524e-06 2.751304655218771e-06
-1.4574444823350932e-06 1.7194704515285332e-06
-8.875712622150044e-07 1.047162482399608e-06
-5.162613115371966e-07 6.091095435284798e-07
-2.743284138247848e-07 3.236891914504653e-07
-1.1669319050615862e-07 1.3771902631409136e-07
-1.3983456254757904e-08 1.6547210537628954e-08
-1.3983456254757904e-08 1.6547210537628954e-08
4.609651056877749 -5.608227462692616
3.0034913790718156 -3.6541297007040185
1.956972522437124 -2.380906257302517
1.275096534373432 -1.5513172938632176
0.830809400749295 -1.010785424278982
0.5413270600314782 -0.6585932967162733
0.3527102416602304 -0.42911692039723154
0.22981395691873188 -0.2795979415008554
0.1497389300272497 -0.1821764752531338
0.09756477402929829 -0.1186999710935272
0.06356987374924446 -0.07734084629777624
0.04141995636301628 -0.05039265142602666
0.026987825773576106 -0.032834126906175196
0.01758434179127657 -0.021393591286573255
0.01145735240066892 -0.01393932853713764
0.007465215118010566 -0.009082385209902339
0.004864074644677665 -0.005917766618243279
0.0031692602425273738 -0.0038558090955939754
0.0020649769917056365 -0.0025123079114651465
0.0013454636948524465 -0.0016369283694867942
0.000876653374707404 -0.0010665609209377126
0.0005711925621891028 -0.0006949289478747251
0.0003721647166513311 -0.00045278623136097915
0.00024248496174976314 -0.00029501429726875623
0.0001579900571001561 -0.0001922154869407666
0.00010293605952616883 -0.00012523528881076923
6.706475271251364e-05 -8.159327654214883e-05
4.369223283709285e-05 -5.315763006708386e-05
2.846349617119059e-05 -3.462993282255815e-05
1.8540970843346777e-05 -2.2557917316041656e-05
1.2075791817554704e-05 -1.4692203813375591e-05
7.863301704957064e-06 -9.56717321077025e-06
5.118586844325828e-06 -6.227878095490691e-06
3.330224269030802e-06 -4.052107308627233e-06
2.1649882197093377e-06 -2.6344492839419513e-06
1.4057601585795618e-06 -1.7107516742999945e-06
9.110730527845248e-07 -1.1089018210903827e-06
5.887518094472864e-07 -7.167569870804345e-07
3.787382823320107e-07 -4.612487901096988e-07
2.419006320588274e-07 -2.9476836487584226e-07
1.5274188695566946e-07 -1.8629539878458185e-07
9.464909003537808e-08 -1.1561811431640856e-07
5.6797805227392543e-08 -6.956720670508297e-08
3.213519923200454e-08 -3.9562006197106277e-08
1.6065886457833487e-08 -2.0011641085464806e-08
5.595670411628743e-09 -7.273290082048649e-09
5.595670411628743e-09 -7.273290082048649e-09
-2.740626963523802 3.69780761415641
-1.7856990390367116 2.409365298995614
-1.163500578004547 1.5698602378651036
-0.7580972852704605 1.0228673772838461
-0.49395032886848456 0.6664654883852245
-0.32184118267515693 0.4342461751833549
-0.20970073401400158 0.2829399921813699
-0.1366338430086893 0.1843540447036566
-0.08902594929217791 0.120118804297447
-0.05800626975007371 0.07826531284546985
-0.03779490470576971 0.05099500552439091
-0.024625868694303447 0.0332266035204773
-0.016045374052247107 0.02164931889161489
-0.010454616441875897 0.014105955152536272
-0.006811869495246151 0.009190956659868356
-0.004438379846443569 0.005988511302794995
-0.0028918949559174627 0.0039019071501508206
-0.0018842581550440726 0.0025423470626647834
-0.0012277163881672234 0.0016565040870612326
-0.0007999361688658282 0.0010793190220913017
-0.0005212091704357722 0.0007032449227314648
-0.0003396001662122919 0.0004582078682527934
-0.00022126993411846548 0.00029855008227447057
-0.00014416999137472085 0.0001945225151878007
-9.393429872117079e-05 0.00012674170106927797
-6.120243503134087e-05 8.257803473319923e-05
-3.987546920251609e-05 5.380249626247599e-05
-2.5979545775302783e-05 3.5053336987997265e-05
-1.6925436088776592e-05 2.2837024377290586e-05
-1.10260870714161e-05 1.4877291803806426e-05
-7.182272490682338e-06 9.691001581840688e-06
-4.677774030329822e-06 6.311791788278024e-06
-3.0459282671789015e-06 4.110013958617403e-06
-1.982673233538835e-06 2.6754106319994294e-06
-1.2898925234440016e-06 1.7406720416573747e-06
-8.385002449269622e-07 1.131628262054233e-06
-5.443884341680959e-07 7.347961110059467e-07
-3.527552110388841e-07 4.762338181470945e-07
-2.2789353985289202e-07 3.0776344821405927e-07
-1.4653793419756835e-07 1.9799390203793732e-07
-9.35293967602842e-08 1.264718102154927e-07
-5.899084199683516e-08 7.987045495024744e-08
-3.6486697894403854e-08 4.9506601527882946e-08
-2.1823765260090567e-08 2.9722550411617993e-08
-1.2269898538486112e-08 1.6831937579101396e-08
-6.044924884813192e-09 8.432853982859024e-09
-1.988944398787073e-09 2.9602976216347686e-09
-1.988944398787073e-09 2.9602976216347686e-09
1.0755740367445552 -1.617759722249922
0.7008073515980645 -1.0540770488614533
0.45662216362221075 -0.6868006472616349
0.29751942479819804 -0.44749587253575224
0.19385350750347205 -0.2915730445044457
0.12630833205275863 -0.1899790486089227
0.08229819983450284 -0.12378386646441211
0.05362269895758718 -0.08065334383341842
0.034938720766744556 -0.05255096655826312
0.022764877926673793 -0.03424041615589789
0.014832817207004408 -0.022309886124405924
0.009664557021040295 -0.014536359730904091
0.006297094983894526 -0.009471395103937486
0.0041029715915749205 -0.006171236929409649
0.0026733556352196873 -0.0040209664380981384
0.001741866645211335 -0.0026199235361267603
0.0011349401943350549 -0.001707051773669034
0.0007394876224587361 -0.001112255673192662
0.00048182421632804326 -0.0007247068238456196
0.00031393953032419396 -0.0004721932137027048
0.00020455159581744117 -0.0003076639590943152
0.00013327814914119532 -0.00020046230922414945
8.683880257141377e-05 -0.00013061337103841965
5.658050848856226e-05 -8.510218560813184e-05
3.686523623707688e-05 -5.544864966228112e-05
2.401943736666153e-05 -3.6127417183316465e-05
1.5649553019427536e-05 -2.353836118716521e-05
1.0196021892810456e-05 -1.5335761738772033e-05
6.642687041916141e-06 -9.991227745806251e-06
4.327455264663526e-06 -6.5089117090817925e-06
2.818929215943066e-06 -4.239953368543835e-06
1.836025101535748e-06 -2.7615775127041572e-06
1.195598309477178e-06 -1.7983182354926106e-06
7.783180580523018e-07 -1.170691349224838e-06
5.064324805149969e-07 -7.617510797820247e-07
3.292811127702376e-07 -4.952995500102227e-07
2.1385532454675962e-07 -3.216888224228734e-07
1.3864781835235532e-07 -2.0856999454741587e-07
8.964517279943648e-08 -1.3486562502059984e-07
5.771672053859476e-08 -8.684237204518555e-08
3.691323019087563e-08 -5.555205857874232e-08
2.3358385530321022e-08 -3.516435770122109e-08
1.4526511133248511e-08 -2.188042727600991e-08
8.771963049591356e-09 -1.3225071353243122e-08
5.022495817799795e-09 -7.585536686033866e-09
2.579470871635099e-09 -3.911008273054597e-09
9.876791533404376e-10 -1.5168109049101157e-09
9.876791533404376e-10 -1.5168109049101157e-09
-0.5419189736475827 0.8347107297440132
-0.35309591690926023 0.5438690372658521
-0.23006525428299252 0.35436651165785976
-0.1499026713457019 0.2308931302942015
-0.09767146681501929 0.15044208692967764
-0.06363939565708104 0.09802293142459075
-0.04146525899479879 0.06386839782312657
-0.027017347951251318 0.04161446881008969
-0.01760358196335934 0.027114567792672368
-0.011469893168648106 0.017666926911292173
-0.007473390782806362 0.011511166391526596
-0.0048694061571418505 0.007500282822551565
-0.0031727386023521916 0.004886927908529259
-0.0020672479004855055 0.0031841549934855493
-0.0013469478697200755 0.0020746862471437704
-0.0008776249405949363 0.0013517942582976829
-0.0005718301295513548 0.0008807824977042298
-0.00037258466196789 0.0005738873016854245
-0.00024276311196488586 0.0003739248607885079
-0.00015817581846410672 0.00024363615543189886
-0.00010306162346627025 0.0001587444794383447
-6.715109406469334e-05 0.00010343195919133146
-4.375301808894623e-05 6.739220782267481e-05
-2.8507629939842707e-05 4.390993522120669e-05
-1.857425507356143e-05 2.8609687422904156e-05
-1.2102006858623673e-05 1.864056788058073e-05
-7.884910703523344e-06 1.2145029654058627e-05
-5.137194702718977e-06 7.912758521880333e-06
-3.346876686862229e-06 5.155155023661772e-06
-2.180366539174862e-06 3.358394651772892e-06
-1.420308319011991e-06 2.1876868846570563e-06
-9.250803099094281e-07 1.4248936388640627e-06
-6.024066324283347e-07 9.278835803582845e-07
-3.921634712471796e-07 6.040487802754415e-07
-2.551761992499615e-07 3.930490712152763e-07
-1.6591996573532852e-07 2.555688584275058e-07
-1.0776364869165102e-07 1.659914415089772e-07
-6.98709763380697e-08 1.0762585231555058e-07
-4.518140362978612e-08 6.959682536789792e-08
-2.909452026538259e-08 4.481840865745427e-08
-1.8612855821951484e-08 2.867363757189564e-08
-1.1783360821832699e-08 1.8154255464029583e-08
-7.33349484793404e-09 1.1300184920392414e-08
-4.43411397345992e-09 6.83430636065972e-09
-2.54497629952202e-09 3.924492231478513e-09
-1.3140786335715938e-09 2.0285566046733397e-09
-5.120677028997347e-10 7.932296245268101e-10
-5.120677028997347e-10 7.932296245268101e-10
0.2820193687507044 -0.43722868762645584
0.18375420023644193 -0.28488329780750965
0.11972796846038401 -0.18562023861735513
0.07801065990209768 -0.12094381531699773
0.05082908470906793 -0.07880286414085354
0.03311849753295503 -0.05134525786935218
0.021578883073704386 -0.033454818258497346
0.014060063932137518 -0.02179801808790684
0.009161057861941348 -0.014202844734277539
0.005969032621816017 -0.009254088864101348
0.00388921786192347 -0.006029648351377458
0.002534081511154185 -0.003928712905611581
0.001651120891492475 -0.002559815036397449
0.0010758138713311334 -0.0016678878807508898
0.0007009634419045867 -0.0010867385716088814
0.00045672368901253856 -0.0007080815059750744
0.0002975853975504556 -0.0004613614787825982
0.00019389631536953695 -0.00030060712519363496
0.0001263360464691825 -0.00019586507205805772
8.231607987400937e-05 -0.0001276187232026616
5.3634171252565265e-05 -8.315173031238747e-05
3.49460179939693e-05 -5.4178554606045674e-05
2.276945482217064e-05 -3.5300621650652176e-05
1.4835621627143494e-05 -2.300040450219764e-05
9.66620655669906e-06 -1.4986002594074032e-05
6.297992036221407e-06 -9.764091698541138e-06
4.103378351431508e-06 -6.361672689176858e-06
2.6734429372275185e-06 -4.144772526214185e-06
1.7417457993822842e-06 -2.7003160030706137e-06
1.1346837264758446e-06 -1.7591574059853619e-06
7.391427879110215e-07 -1.1459305689880415e-06
4.814218050604692e-07 -7.463728804344353e-07
3.1349960403002053e-07 -4.860347203108295e-07
2.040872260116506e-07 -3.1640725584658074e-07
1.3279785277705372e-07 -2.0588378634480425e-07
8.634812900513838e-08 -1.338704638012447e-07
5.60830734913643e-08 -8.694903935501536e-08
3.636339572213615e-08 -5.637663977254243e-08
2.351472636664092e-08 -3.645670709229101e-08
1.5142971709247047e-08 -2.3477558467881613e-08
9.688221952329935e-09 -1.5020787969780595e-08
6.1340930835021156e-09 -9.510644791124606e-09
3.818343951249619e-09 -5.920423458275748e-09
2.309480811659284e-09 -3.5811577076556295e-09
1.3263570603400216e-09 -2.056971941737371e-09
6.85787160361897e-10 -1.063864489789262e-09
2.6841366469834574e-10 -4.167895510460276e-10
2.6841366469834574e-10 -4.167895510460276e-10
-0.14797934971089463 0.2298332137060246
-0.0964182962968685 0.1497514818200503
-0.06282287274630505 0.09757295707640906
-0.040933240770036565 0.06357521027069066
-0.026670703274853252 0.041423438185440316
-0.017377720367600793 0.026990099137384923
-0.01132272970807395 0.01758582776467472
-0.0073775043425624385 0.011458325337335006
-0.004806930074180043 0.007465853777442774
-0.003132031568499125 0.004864495500467167
-0.002040724836444472 0.003169539184893019
-0.0013296665965640598 0.0020651634681252574
-0.0008663653031230251 0.0013455899236158423
-0.000564493984480777 0.0008767403481531755
-0.00036780493070759227 0.0005712539582089902
-0.00023964905273881216 0.0003722094472930113
-0.00015614705431602033 0.000242518833799494
-0.00010174000056934394 0.00015801685406178177
-6.629022028497447e-05 0.00010295824660173102
-4.3192352716895786e-05 6.708393614356959e-05
-2.8142570125500245e-05 4.370945919584904e-05
-1.833664516811195e-05 2.8479447368396044e-05
-1.194743896622925e-05 1.8556091188784164e-05
-7.784450154101037e-06 1.209037080832209e-05
-5.071988652264088e-06 7.877527967488201e-06
-3.3046412653307416e-06 5.132583281170513e-06
-2.153097995874272e-06 3.3440709592980257e-06
-1.4027916830155277e-06 2.1787373402148515e-06
-9.139176840546362e-07 1.419445705956652e-06
-5.953840628334474e-07 9.247171780797447e-07
-3.878384210853771e-07 6.023689455269524e-07
-2.526087607327983e-07 3.9233783315947963e-07
-1.644977270100492e-07 2.55488724935834e-07
-1.0708758308563329e-07 1.6632251422300917e-07
-6.968109168305673e-08 1.0822485296612617e-07
-4.530829789781156e-08 7.037039872235014e-08
-2.9427816873676575e-08 4.5705727630717026e-08
-1.908063715435436e-08 2.9635069310277376e-08
-1.2338767812913251e-08 1.9163976552023367e-08
-7.945995729116788e-09 1.2341369701343968e-08
-5.0838152858427534e-09 7.895991810651013e-09
-3.2189161438912955e-09 4.999535218095941e-09
-2.003811478556851e-09 3.1123029065031953e-09
-1.2120907283544994e-09 1.8826467096610288e-09
-6.962324947524996e-10 1.0814446779110363e-09
-3.6011686672713667e-10 5.594087646786885e-10
-1.4111538910402884e-10 2.1926797133960087e-10
-1.4111538910402884e-10 2.1926797133960087e-10
0.07782028037410457 -0.12092645593982691
0.05070504003211892 -0.07879155356284105
0.0330376743821276 -0.05133788848253425
0.02152622159492227 -0.033450016817419596
0.014025751638207327 -0.02179488983267547
0.009138701270932083 -0.014200806669867842
0.005954465958996309 -0.009252761130842394
0.003879726850581541 -0.006028783445665466
0.002527897621174222 -0.003928149562541187
0.0016470918089792291 -0.002559448181257394
0.001073188787858268 -0.0016676490504436354
0.0006992531563131261 -0.0010865831579154883
0.00045560945451495654 -0.0007079804437017608
0.0002968595296131111 -0.00046129583004056874
0.0001934234938348578 -0.0003005645507005617
0.00012602810133854466 -0.0001958375319584941
8.211556258397018e-05 -0.00012760097900105458
5.350365027887468e-05 -8.31403687837307e-05
3.486110423229256e-05 -5.417135180935712e-05
2.2714257164085924e-05 -3.529612854185118e-05
1.4799785968481682e-05 -2.2997676933591115e-05
9.642986516383423e-06 -1.4984425391232008e-05
6.282991902475344e-06 -9.76326403478991e-06
4.09373402840819e-06 -6.361333399528865e-06
2.6672882777733762e-06 -4.144751444472411e-06
1.7378648856701853e-06 -2.7005022547458025e-06
1.1322843079270986e-06 -1.7594787490424736e-06
7.377086610738565e-07 -1.146339932981368e-06
4.806166293744767e-07 -7.468395958672233e-07
3.1310423145930924e-07 -4.865388039851947e-07
2.0395886717162598e-07 -3.169356873924497e-07
1.3284347097555472e-07 -2.0642808213318887e-07
8.65071047072266e-08 -1.3442509618889046e-07
5.631590907593141e-08 -8.751040671813692e-08
3.664435588661338e-08 -5.6942395415940106e-08
2.3827042865758773e-08 -3.7025321989423304e-08
1.54757189263874e-08 -2.404803635721233e-08
1.0034281128399758e-08 -1.5592479721277293e-08
6.488825877911973e-09 -1.0083127453801312e-08
4.17872817949481e-09 -6.493421451697734e-09
2.6735473214094973e-09 -4.154491473012244e-09
1.6928228191086811e-09 -2.630524484632716e-09
1.0538161879476369e-09 -1.637559580665889e-09
6.374612649189678e-10 -9.905775213246526e-10
3.6617859979976867e-10 -5.69026081352096e-10
1.8942006922005932e-10 -2.9435754305618473e-10
7.42502402928409e-11 -1.1539289301365627e-10
7.42502402928409e-11 -1.1539289301365627e-10
-0.04094961982297737 0.06364160180469997
-0.02668137537467932 0.04146669674926533
-0.017384674011453254 0.027018285046951224
-0.011327260532858223 0.017604192846885417
-0.007380456541089238 0.011470291503449487
-0.004808853693687677 0.007473650628109208
-0.0031332850010048255 0.004869575767411613
-0.002041541597961176 0.0031728494185525005
-0.0013301988381600825 0.002067320408475746
-0.0008667121612442937 0.0013469954173874078
-0.0005647200530537091 0.0008776562249673092
-0.0003679522969312094 0.000571850817315507
-0.00023974513919631518 0.00037259844534359785
-0.0001562097286271822 0.00024277239667660623
-0.00010178090466570718 0.00015818217199983162
-6.631693965200194e-05 0.00010306606714770496
-4.3209829798158476e-05 6.715429335022164e-05
-2.8154025248632055e-05 4.375540656855081e-05
-1.834417658874711e-05 2.8509490125965666e-05
-1.1952413836163187e-05 1.8575771041672947e-05
-7.78775926280728e-06 1.2103298546020917e-05
-5.074212407776923e-06 7.886056257257847e-06
-3.30615784172639e-06 5.138245040743759e-06
-2.1541537984805023e-06 3.3478649855785613e-06
-1.4035472611385183e-06 2.1813144151940977e-06
-9.144776461456247e-07 1.4212298569807e-06
-5.958165681908504e-07 9.259846869028592e-07
-3.8818787998298827e-07 6.032998279156711e-07
-2.529041093900953e-07 3.93049381246569e-07
-1.6475781928056956e-07 2.5605736227392764e-07
-1.0732470349719813e-07 1.6679803579203793e-07
-6.990324441494372e-08 1.0863970347640348e-07
-4.552069820019891e-08 7.074571804036009e-08
-2.9633862825677478e-08 4.6055289772336196e-08
-1.928254282840347e-08 2.9967848954390785e-08
-1.2537975823082406e-08 1.9485821293247683e-08
-8.143446033524648e-09 1.265608963285786e-08
-5.280120329135528e-09 8.20606945919957e-09
-3.4144749741087018e-09 5.306588113422142e-09
-2.198884101789217e-09 3.4173849758102925e-09
-1.4068465557009371e-09 2.1864446559630218e-09
-8.907819087062288e-10 1.384405933466991e-09
-5.545317887553637e-10 8.618248610857739e-10
-3.3544268078139625e-10 5.213288606417876e-10
-1.9269169160749533e-10 2.994732817742544e-10
-9.968001659283194e-11 1.5491975453614168e-10
-3.907678197359996e-11 6.073360720713381e-11
-3.907678197359996e-11 6.073360720713381e-11
0.021551702266801157 -0.03349623619429083
0.014042354010359002 -0.02182500485724515
0.009149518845838644 -0.014220428647830543
0.005961514357349336 -0.009265546197575478
0.00388431938206668 -0.006037113814262493
0.002530889993582936 -0.0039335774017917125
0.0016490415723184762 -0.0025629848313970106
0.001074459222693399 -0.0016699534662709503
0.000700080963868273 -0.0010880846918989641
0.00045614886123339636 -0.0007089588472637487
0.00029721102418430085 -0.0004619333796649744
0.0001936525512609707 -0.0003009800115264705
0.00012617738289750946 -0.00019610828729920985
8.221286490922085e-05 -0.00012777744918382155
5.356708470855622e-05 -8.325540597383967e-05
3.4902471496525124e-05 -5.424636135705639e-05
2.274124621606852e-05 -3.534505744318183e-05
1.4817406667832713e-05 -2.30296125754127e-05
9.654503116733583e-06 -1.5005288804832657e-05
6.290531280139957e-06 -9.776913162178368e-06
4.098681983442181e-06 -6.370281944115657e-06
2.6705477502200324e-06 -4.150637249652227e-06
1.7400242004605616e-06 -2.704392483404399e-06
1.1337267975172927e-06 -1.7620687281130798e-06
7.386840918159999e-07 -1.1480827137746385e-06
4.812877405035721e-07 -7.480303711626646e-07
3.1357705830951304e-07 -4.87369911328298e-07
2.0430249874959034e-07 -3.1753244736682625e-07
1.3310292332124535e-07 -2.0687214935617578e-07
8.671170873669516e-08 -1.34769674023737e-07
5.6484775813538985e-08 -8.779016066145968e-08
3.678993742391717e-08 -5.717991232282277e-08
2.395745256085089e-08 -3.7235318684154154e-08
1.5596243166637262e-08 -2.4240101820476323e-08
1.014836434348769e-08 -1.5772861805788826e-08
6.598712340721059e-09 -1.0255897047261915e-08
4.285880181678885e-09 -6.661231005667344e-09
2.778917642328418e-09 -4.319069234446713e-09
1.7970322572920527e-09 -2.792996520294404e-09
1.157269234540633e-09 -1.7986595972446884e-09
7.404214725537542e-10 -1.1507835770714463e-09
4.688176903811404e-10 -7.286496627156051e-10
2.918499308833919e-10 -4.536016039809495e-10
1.7654377553040972e-10 -2.743896713667613e-10
1.014142180334962e-10 -1.5762128936448668e-10
5.246236119287129e-11 -8.153899486246497e-11
2.0567001124452432e-11 -3.196636708913843e-11
2.0567001124452432e-11 -3.196636708913843e-11
-0.011343219958746577 0.017629999067432147
-0.007390855177294185 0.011487105985522906
-0.004815629109024937 0.0074846064001201865
-0.003137699649220246 0.004876714203798605
-0.0020444180508506476 0.0031775006092641046
-0.0013320730554461852 0.0020703509947503536
-0.0008679333559995678 0.0013489700730930326
-0.0005655157606038423 0.0008789428723341579
-0.00036847077153272017 0.0005726891819181943
-0.00024008297826549197 0.0003731447241890083
-0.0001564298717453412 0.00024312836240622358
-0.00010192436111703497 0.0001584141361951716
-6.641042968716307e-05 0.0001032172361732582
-4.327076342100307e-05 6.725281899923194e-05
-2.8193746223777644e-05 4.381963158918006e-05
-1.8370076126259253e-05 2.8551366027207074e-05
-1.1969307796391161e-05 1.8603085019095857e-05
-7.798785496075728e-06 1.212112447062099e-05
-5.081415430318827e-06 7.897700090295636e-06
-3.3108697905764934e-06 5.145860833803474e-06
-2.1572426486886954e-06 3.3528562451933256e-06
-1.4055785556388898e-06 2.184595618344388e-06
-9.158198734221887e-07 1.4233968456722963e-06
-5.967098227698876e-07 9.274256914613271e-07
-3.887885992677029e-07 6.042678059778105e-07
-2.5331422265601235e-07 3.937091513796114e-07
-1.6504374016660306e-07 2.565163146339795e-07
-1.0752970486495808e-07 1.6712614214151805e-07
-7.00555213849285e-08 1.0888255502882275e-07
-4.563862175113149e-08 7.09330204752317e-08
-2.972940286062171e-08 4.620639829710886e-08
-1.9363498527877652e-08 3.0095374761992e-08
-1.2609428867066103e-08 1.9597981406795155e-08
-8.208707471345951e-09 1.2758237984315485e-08
-5.3413475275898884e-09 8.301694488001326e-09
-3.473073599807799e-09 5.397962767705344e-09
-2.2557700391470293e-09 3.5059902310462555e-09
-1.4626165637589046e-09 2.273245465249725e-09
-9.458248152990705e-10 1.4700310273265349e-09
-6.091009408364621e-10 9.46683898879062e-10
-3.897031505833874e-10 6.056887624340579e-10
-2.467510345662103e-10 3.8350796357482135e-10
-1.5360831216132016e-10 2.387425340840401e-10
-9.291969153291352e-11 1.4441831847561704e-10
-5.337705654562769e-11 8.295987717896154e-11
-2.76124244688552e-11 4.291565330441757e-11
-1.082506909243956e-11 1.6824203018940494e-11
-1.082506909243956e-11 1.6824203018940494e-11
0.005970881447688655 -0.009279493791830089
0.0038904226684448448 -0.0060462016061970875
0.002534866696635106 -0.003939498712312478
0.0016516326662175766 -0.002566842970643745
0.001076147500934349 -0.0016724673134945586
0.0007011809982232791 -0.001089722644296881
0.00045686561593853524 -0.0007100260964718266
0.0002976780469440466 -0.0004626287781424178
0.0001939568572039707 -0.00030143312475242864
0.0001263756681133246 -0.00019640353572015053
8.234207063578827e-05 -0.00012796983828290736
5.3651280596373866e-05 -8.338077544754875e-05
3.495734050879198e-05 -5.4328063129047826e-05
2.2777006836626773e-05 -3.539830683032954e-05
1.484071691218034e-05 -2.3064323359165837e-05
9.669701120650413e-06 -1.502792046700394e-05
6.300443624917357e-06 -9.791674480770699e-06
4.105150373029075e-06 -6.379915215305619e-06
2.6747721760852175e-06 -4.156929260083091e-06
1.7427865361109178e-06 -2.70850744230194e-06
1.135536485058583e-06 -1.7647651944952307e-06
7.398730663462173e-07 -1.1498549388214706e-06
4.820722796095771e-07 -7.492003920831836e-07
3.140980810892289e-07 -4.88147556582538e-07
2.0465182328018219e-07 -3.18054434021663e-07
1.333403751296899e-07 -2.072275575886842e-07
8.687626809559813e-08 -1.350165454385903e-07
5.6601840938832646e-08 -8.796631318834392e-08
3.68760569267174e-08 -5.7309986834673695e-08
2.4023408951653494e-08 -3.7335370333225616e-08
1.5649061961467604e-08 -2.4320591596302534e-08
1.0192623128933035e-08 -1.5840605732304326e-08
6.637393716050739e-09 -1.0315336213153803e-08
4.3209275068341765e-09 -6.715259072829419e-09
2.8115971443550325e-09 -4.369571614260196e-09
1.828168966539359e-09 -2.841201682500023e-09
1.18740071264079e-09 -1.8453679708198587e-09
7.698979763289391e-10 -1.1965166942335677e-09
4.978674352287002e-10 -7.737473360669939e-10
3.2062161417133975e-10 -4.982852438215659e-10
2.0513428339136843e-10 -3.188035410952964e-10
1.2988667816649668e-10 -2.018593860904053e-10
8.085790545318606e-11 -1.256625638958588e-10
4.891242962588444e-11 -7.601531378485925e-11
2.809784730296905e-11 -4.3666859182764844e-11
1.4535775489746738e-11 -2.258970963663271e-11
5.699192126529055e-12 -8.856557977472614e-12
5.699192126529055e-12 -8.856557977472614e-12
-0.0031430431753283945 0.004884636858991252
-0.002047899715364458 0.0031826627491817485
-0.001334341594457069 0.002073714477081683
-0.0008694114638149609 0.001351161611497044
-0.0005664788504154941 0.0008803708120525565
-0.00036909829318146174 0.0005736195867809758
-0.00024049185514620443 0.00037375095231181123
-0.00015669628715363044 0.00024352336802359453
-0.00010209795348954828 0.00015867151643323893
-6.652354173595025e-05 0.00010338494440885724
-4.334446855395903e-05 6.736210001691983e-05
-2.8241775154629283e-05 4.38908434247501e-05
-1.8401375319687986e-05 2.8597773282327556e-05
-1.1989706463601022e-05 1.8633330455730867e-05
-7.812081752240833e-06 1.2140839417643875e-05
-5.09008399772508e-06 7.910553729504007e-06
-3.3165231138474974e-06 5.154243878893287e-06
-2.160931341737376e-06 3.358326403656685e-06
-1.407987162652299e-06 2.1881678392465285e-06
-9.173944200413932e-07 1.425732435202117e-06
-5.977409240877509e-07 9.289555341729936e-07
-3.8946561016525376e-07 6.052726515484559e-07
-2.537605203144432e-07 3.943719267219041e-07
-1.653397129485283e-07 2.5695620868419955e-07
-1.0772773108524428e-07 1.674208143447648e-07
-7.018972896681018e-08 1.090826056303987e-07
-4.573124728521436e-08 7.107141886889723e-08
-2.97949349508084e-08 4.6304626215184124e-08
-1.941137745423491e-08 3.016742896847051e-08
-1.2645805594057982e-08 1.965298171563659e-08
-8.237589757595123e-09 1.280212655520026e-08
-5.365346691901964e-09 8.338343029477873e-09
-3.4938910884390352e-09 5.429893952991845e-09
-2.2745144564381597e-09 3.5348477479580846e-09
-1.4800102384815669e-09 2.3001002846977944e-09
-9.623383922407374e-10 1.4955809574233643e-09
-6.250410760859854e-10 9.713836075870943e-10
-4.0526965078759033e-10 6.298344958879575e-10
-2.6207408692034545e-10 4.0729274565036783e-10
-1.6877274220086005e-10 2.622921325542489e-10
-1.0798076868319791e-10 1.6781467933118617e-10
-6.837079247885369e-11 1.0625639363208298e-10
-4.2562283162193936e-11 6.614711455080285e-11
-2.574633887301103e-11 4.001327651178397e-11
-1.478964320076748e-11 2.2985359124746448e-11
-7.650634056250762e-12 1.1890549012780965e-11
-2.9990992240290842e-12 4.661549210710201e-12
-2.9990992240290842e-12 4.661549210710201e-12
0.0016543061720711845 -0.0025708250437831
0.0010778894688765887 -0.0016750619007533077
0.0007023160078391534 -0.0010914131930858358
0.0004576051522135517 -0.0007111276046324824
0.0002981599062805725 -0.0004633464875230663
0.00019427082303726876 -0.0003019007639401935
0.00012658024026711344 -0.0001967082377006431
8.247536559965333e-05 -0.00012816837593726597
5.3738133774696696e-05 -8.35101400484829e-05
3.501393380388071e-05 -5.4412356928006296e-05
2.2813883824027287e-05 -3.5453234032178796e-05
1.4864747426055177e-05 -2.3100116288094e-05
9.685361310595662e-06 -1.5051246156406285e-05
6.310649997319122e-06 -9.80687694218131e-06
4.111803223960487e-06 -6.389824858456898e-06
2.679109673644503e-06 -4.16339028340555e-06
1.745615428394411e-06 -2.712721462583486e-06
1.1373824216060114e-06 -1.7675151442452316e-06
7.410785424666758e-07 -1.151650950155586e-06
4.828604535632501e-07 -7.503748496863176e-07
3.1461435518606307e-07 -4.889170309770457e-07
2.049909367053658e-07 -3.185600351722436e-07
1.3356405670454243e-07 -2.0756122793478317e-07
8.702473821439372e-08 -1.3523819153740383e-07
5.670130583847963e-08 -8.811496810900465e-08
3.6943591697236377e-08 -5.741108319352989e-08
2.4070139139235313e-08 -3.7405479155530754e-08
1.5682236592494858e-08 -2.4370509996839875e-08
1.0216965421717368e-08 -1.5877368742754753e-08
6.65598115852528e-09 -1.0343527620181117e-08
4.335765285156686e-09 -6.737865515461331e-09
2.823991769424867e-09 -4.388539084606732e-09
1.8389717162907533e-09 -2.8577981226382666e-09
1.1971662507368431e-09 -1.8604195285551178e-09
7.789877026918037e-10 -1.2105616592941707e-09
5.065168257195531e-10 -7.871364396777461e-10
3.2898409682875574e-10 -5.112470104843838e-10
2.133098266915356e-10 -3.314868695801862e-10
1.3794041815836816e-10 -2.143612937566584e-10
8.883228256433441e-11 -1.3804626394532705e-10
5.683509659118538e-11 -8.832199378353638e-11
3.598682170117567e-11 -5.5923355543659505e-11
2.2402796960557754e-11 -3.481350805101583e-11
1.3551909818708787e-11 -2.1059051525303298e-11
7.78497367911928e-12 -1.209711684606684e-11
4.02743481266437e-12 -6.257825919176486e-12
1.5791506646931633e-12 -2.4531431414875623e-12
1.5791506646931633e-12 -2.4531431414875623e-12
-0.0008714895998607223 0.0013529564296709204
-0.000567832894408963 0.000881540256580868
-0.00036998054349393216 0.0005743815591746237
-0.00024106670078999292 0.0003742474297622284
-0.00015707083840151394 0.00024384685802558337
-0.00010234199974151554 0.000158882293714791
-6.668255538437343e-05 0.00010352228192663632
-4.3448077858550636e-05 6.745158668980649e-05
-2.83092848787368e-05 4.394915211939599e-05
-1.844536378858332e-05 2.8635767469896983e-05
-1.2018369284958694e-05 1.8658088403459066e-05
-7.83075890445245e-06 1.2156973083007003e-05
-5.102254828552923e-06 7.921068106670139e-06
-3.324454647605734e-06 5.161096919555783e-06
-2.1661006941362347e-06 3.3627938423491594e-06
-1.4113567719010977e-06 2.1910809010731474e-06
-9.195913780465684e-07 1.4276327180859495e-06
-5.991738225441367e-07 9.301959248456879e-07
-3.904006734832977e-07 6.060830789666586e-07
-2.5437121123852815e-07 3.949022047504147e-07
-1.6573905388572187e-07 2.5730395092686087e-07
-1.0798936358056395e-07 1.676496224960394e-07
-7.036163533892417e-08 1.0923392038481323e-07
-4.584469117619089e-08 7.117224156937754e-08
-2.9870286683351725e-08 4.637255001570912e-08
-1.9461909635745353e-08 3.021391696803405e-08
-1.2680166202761543e-08 1.9685502878513074e-08
-8.261413521103465e-09 1.2825547403729112e-08
-5.382305006514652e-09 8.355834423608324e-09
-3.5063761107459563e-09 5.443521916902231e-09
-2.2840848340718814e-09 3.5459584325266603e-09
-1.4876815330707804e-09 2.309570795916843e-09
-9.687723090997943e-10 1.5039827876375619e-09
-6.306687598255822e-10 9.79089121713447e-10
-4.1037202052882344e-10 6.3708631420425e-10
-2.668341799797903e-10 4.1424895125332656e-10
-1.733098194502161e-10 2.690557269971593e-10
-1.1237253643822995e-10 1.7445277491257353e-10
-7.266788152419114e-11 1.1281271843632728e-10
-4.679768278998074e-11 7.265016030603083e-11
-2.994154378067525e-11 4.6481607456131295e-11
-1.8958658599924755e-11 2.943107108251783e-11
-1.1802585265043121e-11 1.8321523210479818e-11
-7.139931988474441e-12 1.1082920786681224e-11
-4.101906166194878e-12 6.366494371011916e-12
-2.12243217373245e-12 3.2934318056072096e-12
-8.326744441898293e-13 1.2911290665001047e-12
-8.326744441898293e-13 1.2911290665001047e-12
0.00045860581486938915 -0.0007121552533036162
0.00029881190468730273 -0.0004640160695163279
0.00019469564371293828 -0.00030233704190054755
0.00012685703968272542 -0.0001969925027116369
8.265571941152266e-05 -0.0001283535944959323
5.3855646921126056e-05 -8.363082331749165e-05
3.509050211633427e-05 -5.4490991203706205e-05
2.2863773879375046e-05 -3.550447061821667e-05
1.4897254839123253e-05 -2.3133501474139866e-05
9.706542786912122e-06 -1.507299997916548e-05
6.32445187959932e-06 -9.82105216539273e-06
4.1207968144998495e-06 -6.399062124724671e-06
2.6849703453062994e-06 -4.169410145372753e-06
1.7494347969859183e-06 -2.716644973660741e-06
1.1398717467499815e-06 -1.7700727445934554e-06
7.427012566707598e-07 -1.153318569666809e-06
4.83918513640793e-07 -7.514625880432354e-07
3.153045058962701e-07 -4.896269385547618e-07
2.0544137022196526e-07 -3.1902376110282005e-07
1.3385829867503566e-07 -2.0786455030184784e-07
8.721721110146035e-08 -1.3543700041418103e-07
5.6827469462339094e-08 -8.824567956068156e-08
3.7026550467135964e-08 -5.7497424685955244e-08
2.4124947100101433e-08 -3.7462910696058735e-08
1.5718702446477007e-08 -2.440910479888968e-08
1.0241480184541064e-08 -1.590369016857223e-08
6.672708998026533e-09 -1.036185213271583e-08
4.34741943104907e-09 -6.750979512092218e-09
2.832340069635879e-09 -4.398258086816144e-09
1.8451660402250073e-09 -2.8653050622929176e-09
1.2019571172057405e-09 -1.8664851637071077e-09
7.828641241511071e-10 -1.2156881895981e-09
5.097974260042129e-10 -7.91651081297485e-10
3.318764803607086e-10 -5.153629663102908e-10
2.1594926143029984e-10 -3.353430553428282e-10
1.4041504009209637e-10 -2.180482222073703e-10
9.11995180964063e-11 -1.4162291010530173e-10
5.913236280710994e-11 -9.18267837648234e-11
3.823849829749651e-11 -5.938132649007627e-11
2.462476891590089e-11 -3.824097331140512e-11
1.5754527243277498e-11 -2.4466640321289034e-11
9.97498035165839e-12 -1.5491754815874473e-11
6.2092247493597884e-12 -9.644025572425888e-12
3.755586856602663e-12 -5.83384467551603e-12
2.1568801043378996e-12 -3.351260776228756e-12
1.1152173197511531e-12 -1.7336937935170101e-12
4.365053825832559e-13 -6.797423261324206e-13
4.365053825832559e-13 -6.797423261324206e-13
-0.00024107979392047063 0.00037478209342118874
-0.0001570793698368361 0.00024419522724519364
-0.00010234755893188319 0.00015910927983260888
-6.668617796131812e-05 0.00010367017895595455
-4.34504386042508e-05 6.754795196695047e-05
-2.831082345824171e-05 4.401194106467772e-05
-1.844636667264119e-05 2.8676679222695304e-05
-1.2019023128136948e-05 1.868474572391141e-05
-7.831185324500053e-06 1.2174342701590837e-05
-5.102533067446467e-06 7.932386175539142e-06
-3.3246363367140585e-06 5.1684720050614604e-06
-2.1662194746980227e-06 3.3675998143986e-06
-1.4114345633999025e-06 2.1942129264322695e-06
-9.196424624701553e-07 1.4296740568834384e-06
-5.99207505548545e-07 9.315266094851878e-07
-3.9042301831656757e-07 6.069507255986941e-07
-2.5438616850625265e-07 3.9546815161196886e-07
-1.6574919766774216e-07 2.5767332050957177e-07
-1.0799637105949731e-07 1.67890909029513e-07
-7.036659930975185e-08 1.0939175237258112e-07
-4.584832366684518e-08 7.127569742197047e-08
-2.987305162694458e-08 4.6440576233504315e-08
-1.94641093152668e-08 3.025885844437305e-08
-1.2681997575496386e-08 1.9715403124787436e-08
-8.26300491769986e-09 1.2845647297580768e-08
-5.383740042845315e-09 8.369548742131606e-09
-3.5077092680612408e-09 5.4530756123667085e-09
-2.285351610496049e-09 3.5528012079334652e-09
-1.4889050579706856e-09 2.3146472282891505e-09
-9.699676527818888e-10 1.5079083311421991e-09
-6.318457415874707e-10 9.822647852911066e-10
-4.115370382898689e-10 6.397733816014441e-10
-2.679914024060031e-10 4.166176660463539e-10
-1.7446196270216696e-10 2.712170140929764e-10
-1.1352137027349289e-10 1.7647890919667559e-10
-7.381455905643125e-11 1.1475079175865736e-10
-4.79429553487271e-11 7.453085610961154e-11
-3.1085900906619644e-11 4.832491802576059e-11
-2.0102419261082675e-11 3.125002270899192e-11
-1.294595729009283e-11 2.0124603380527818e-11
-8.283050791493222e-12 1.2875659657130152e-11
-5.244859978376231e-12 8.152495203405173e-12
-3.2652784835123133e-12 5.0750423622517835e-12
-1.9754507090720113e-12 3.0698790692282113e-12
-1.1350429299358524e-12 1.763383067755044e-12
-5.874618890956896e-13 9.121148404719172e-13
-2.306767620044083e-13 3.574575020915055e-13
-2.306767620044083e-13 3.574575020915055e-13
0.0001274674772454255 -0.0001967432800947873
8.30534599138486e-05 -0.00012819120986561427
5.4114801274448224e-05 -8.352501935697456e-05
3.525935846242531e-05 -5.442205327754789e-05
2.2973795124205818e-05 -3.545955334246996e-05
1.4968941138959631e-05 -2.3104235234807366e-05
9.7532513442743e-06 -1.505393142127131e-05
6.354885792007689e-06 -9.808628068859802e-06
4.140626723418067e-06 -6.3909673325584285e-06
2.697891047274791e-06 -4.16413618025033e-06
1.7578536953932873e-06 -2.713208963215835e-06
1.1453574235227397e-06 -1.7678342827199895e-06
7.46275746284653e-07 -1.1518603895916387e-06
4.862477388965108e-07 -7.505128129708105e-07
3.1682235937474e-07 -4.890084228393814e-07
2.0643056152794727e-07 -3.1862108268454914e-07
1.3450303174318306e-07 -2.0760250410371747e-07
8.76375069320166e-08 -1.352665853734388e-07
5.710152964489862e-08 -8.81349682563654e-08
3.720532848986079e-08 -5.7425614299676574e-08
2.4241642517749228e-08 -3.741644682098263e-08
1.5794946956422474e-08 -2.437915584589134e-08
1.0291368262891693e-08 -1.588450177544166e-08
6.705424124622278e-09 -1.034967495333017e-08
4.368945248086184e-09 -6.743370600415764e-09
2.8465753142550455e-09 -4.393625702545964e-09
1.8546509965531207e-09 -2.8626120817451667e-09
1.2083469477255481e-09 -1.8650558324678264e-09
7.872372762753561e-10 -1.2150822091425303e-09
5.128565792789809e-10 -7.915815681263858e-10
3.3407947680836895e-10 -5.156429969217457e-10
2.1759441529469446e-10 -3.35850836759335e-10
1.416967227583976e-10 -2.1870439827939852e-10
9.224437532878307e-11 -1.423757750728196e-10
6.002291266534619e-11 -9.264264791838442e-11
3.902850673448602e-11 -6.023823876423066e-11
2.5349267992481525e-11 -3.9124631140701995e-11
1.6436342655275287e-11 -2.536772464197063e-11
1.0628984543841946e-11 -1.6404193643888737e-11
6.845108099410535e-12 -1.0563862610092428e-11
4.379663284059018e-12 -6.758502134223782e-12
2.7732635437902633e-12 -4.279059056852444e-12
1.7265882706438238e-12 -2.663538526561201e-12
1.0446103669167678e-12 -1.610920457765092e-12
6.002568285229364e-13 -9.250704311137439e-13
3.107312207223905e-13 -4.781939495085535e-13
1.220862109959659e-13 -1.8702447797428935e-13
1.220862109959659e-13 -1.8702447797428935e-13
-6.789028679453348e-05 0.00010322094624742788
-4.4234994954889253e-05 6.725524743000965e-05
-2.8822013723034708e-05 4.3821224944843046e-05
-1.877944092097903e-05 2.8552415276411447e-05
-1.223604305605777e-05 1.8603779747092393e-05
-7.972588216089693e-06 1.2121588204691949e-05
-5.194666477615984e-06 7.89801331660437e-06
-3.384667433473986e-06 5.1460759943884736e-06
-2.2053337991164693e-06 3.3530075094979647e-06
-1.4369202324749423e-06 2.1847052500123775e-06
-9.362481646250108e-07 1.4234793509344208e-06
-6.100273241722192e-07 9.274905220827271e-07
-3.974729525997601e-07 6.043211204062331e-07
-2.5897977475172785e-07 3.937549622495311e-07
-1.687423443542629e-07 2.565572364411405e-07
-1.0994671289238416e-07 1.671638784021616e-07
-7.163748507223801e-08 1.0891821569602102e-07
-4.667649903150804e-08 7.096732875654382e-08
-3.041277199815174e-08 4.6239825409910255e-08
-1.9815882252533757e-08 3.012822773545027e-08
-1.2911310376083029e-08 1.9630460290642533e-08
-8.41252687059378e-09 1.2790473124133368e-08
-5.481273001213256e-09 8.333770812524204e-09
-3.571367971048024e-09 5.429935613599515e-09
-2.326939004197278e-09 3.5378956537958303e-09
-1.516111539439389e-09 2.3051069573782236e-09
-9.878040224024946e-10 1.5018638957609043e-09
-6.435768659617222e-10 9.784981170907503e-10
-4.1929019312411996e-10 6.374908287968448e-10
-2.731526479847462e-10 4.153021122073888e-10
-1.7793440862539855e-10 2.7053152379368675e-10
-1.1589345194963712e-10 1.762039468070699e-10
-7.546968092487031e-11 1.147433153510469e-10
-4.913093066344519e-11 7.469766444336993e-11
-3.196949946226685e-11 4.860528435178245e-11
-2.0787696303439153e-11 3.160437954907503e-11
-1.3502014799545453e-11 2.052716991560399e-11
-8.754913261250826e-12 1.3309637984931548e-11
-5.661863832335245e-12 8.606940383825203e-12
-3.646538334757645e-12 5.5428230456715066e-12
-2.333420987450859e-12 3.5463487115009845e-12
-1.4778385170903266e-12 2.2455141392181347e-12
-9.203701650884187e-13 1.3979347060723769e-12
-5.571428033207474e-13 8.456808601194891e-13
-3.204762448283807e-13 4.858510926157887e-13
-1.662723884998291e-13 2.513982906468684e-13
-6.579841592814642e-14 9.863684255318756e-14
-6.579841592814642e-14 9.863684255318756e-14
3.60234174817957e-05 -5.472788425251575e-05
2.347162997504571e-05 -3.565882246341481e-05
1.5293313403041255e-05 -2.3234072286715735e-05
9.964601303991303e-06 -1.5138528905466768e-05
6.492594273624922e-06 -9.863748993948613e-06
4.230352929968391e-06 -6.426882337239653e-06
2.7563536401660146e-06 -4.18753726234758e-06
1.795945984090668e-06 -2.728456400233112e-06
1.1701771168805573e-06 -1.7777690827408284e-06
7.624474692748491e-07 -1.1583336565706178e-06
4.967847393952936e-07 -7.547306630997548e-07
3.2368796691013885e-07 -4.917567202857696e-07
2.1090401464720138e-07 -3.204118697324607e-07
1.3741783864620468e-07 -2.0876941003863877e-07
8.953675312918247e-08 -1.3602699165700886e-07
5.833907112900191e-08 -8.863051323365763e-08
3.801172575504681e-08 -5.77485846847643e-08
2.476712091710846e-08 -3.762697348866565e-08
1.6137388205531643e-08 -2.451641802300087e-08
1.0514548748673124e-08 -1.5974027309696583e-08
6.850898365250289e-09 -1.0408096919496507e-08
4.4637887500927286e-09 -6.781526542622521e-09
2.9084295540948992e-09 -4.418576994856588e-09
1.895010558497021e-09 -2.8789596746213503e-09
1.2347013107802988e-09 -1.875797548282484e-09
8.044663294801945e-10 -1.222171326691941e-09
5.241398918687812e-10 -7.962907772438321e-10
3.4148874763490197e-10 -5.188015388885156e-10
2.2247949265984767e-10 -3.379990169071831e-10
1.449371217695677e-10 -2.201942611315655e-10
9.441315802787303e-11 -1.434367008316832e-10
6.149346673053023e-11 -9.342409289918164e-11
4.004411883983763e-11 -6.083758360370636e-11
2.6068455435816142e-11 -3.960532573990448e-11
1.6962389900497024e-11 -2.577111079201582e-11
1.1029188224384365e-11 -1.6757208245613895e-11
7.163316405991791e-12 -1.0884056829209794e-11
4.6444462019987235e-12 -7.057311711604942e-12
3.0032363009414752e-12 -4.563935131152584e-12
1.9338799144717286e-12 -2.939336005554315e-12
1.2371237710028218e-12 -1.880802633745783e-12
7.831412357094781e-13 -1.191098397434742e-12
4.873417019941801e-13 -7.417106442903469e-13
2.9460881615827287e-13 -4.4890491388579556e-13
1.6903064226436404e-13 -2.5812268816235715e-13
8.72081878859489e-14 -1.33815497856688e-13
3.3895467745872354e-14 -5.282117302849482e-14
3.3895467745872354e-14 -5.282117302849482e-14
-1.8704466769663017e-05 2.9095837197158687e-05
-1.2187192487312058e-05 1.8957854980168313e-05
-7.940758882617437e-06 1.2352291595087792e-05
-5.173927600418425e-06 8.048331822778215e-06
-3.37115471926665e-06 5.244018452097677e-06
-2.1965294062142208e-06 3.4168235206827863e-06
-1.4311836211245248e-06 2.226285632765482e-06
-9.325104150854028e-07 1.4505717567046255e-06
-6.075919648032299e-07 9.4514305626569e-07
-3.958861862387275e-07 6.158229562764641e-07
-2.579459226474199e-07 4.012492129122078e-07
-1.6806875231858957e-07 2.614402812895828e-07
-1.0950785402821816e-07 1.703455506156717e-07
-7.135157033539296e-08 1.1099133153794361e-07
-4.649023747078526e-08 7.23181470818872e-08
-3.029144104761459e-08 4.7120019312510606e-08
-1.973685787267637e-08 3.070177881816226e-08
-1.285985151451607e-08 2.000421337213513e-08
-8.379028760428107e-09 1.3034044643553856e-08
-5.459477503982339e-09 8.492520466860438e-09
-3.557197497205098e-09 5.53341823409584e-09
-2.3177367354886718e-09 3.6053681603147327e-09
-1.5101463837205682e-09 2.3491165020087936e-09
-9.839480590832086e-10 1.530585774795123e-09
-6.410951804610644e-10 9.972590747162318e-10
-4.1770394017062553e-10 6.497615898199937e-10
-2.7214982833393014e-10 4.233440825184675e-10
-1.773117342124928e-10 2.75818158329565e-10
-1.1551846720621463e-10 1.796952985420212e-10
-7.525608232087696e-11 1.1706492205371816e-10
-4.902248576268935e-11 7.625710518542629e-11
-3.1929569127530593e-11 4.966812375295712e-11
-2.07924077227479e-11 3.234365045662848e-11
-1.3535813262967508e-11 2.1055614630303427e-11
-8.807663850397966e-12 1.3700715544084143e-11
-5.7269629801087e-12 8.908514190300842e-12
-3.719683382097172e-12 5.786079260060685e-12
-2.411808468485387e-12 3.751607172220131e-12
-1.5596417890902776e-12 2.4260145598277384e-12
-1.0043990499617551e-12 1.5623036322944813e-12
-6.426218216221304e-13 9.995390548772872e-13
-4.069001206044327e-13 6.328608532942019e-13
-2.5331190117533565e-13 3.9394584529338425e-13
-1.5323905660669152e-13 2.3827697596438227e-13
-8.803500477716192e-14 1.3684845089622516e-13
-4.5550268849907905e-14 7.076108389827448e-14
-1.7868664161791242e-14 2.770080993898189e-14
-1.7868664161791242e-14 2.770080993898189e-14
9.698612398791289e-06 -1.5240676627050546e-05
6.3192849931278315e-06 -9.930304989579397e-06
4.117430531434324e-06 -6.470247978346744e-06
2.682777273997799e-06 -4.215792859517917e-06
1.748006150437619e-06 -2.7468668082090636e-06
1.1389411732993221e-06 -1.7897647012774545e-06
7.420952106602209e-07 -1.1661496171302953e-06
4.835239186399355e-07 -7.598233010984179e-07
3.1504768516029016e-07 -4.950749342018325e-07
2.0527431849721486e-07 -3.225739294455714e-07
1.337497373757961e-07 -2.1017815911191334e-07
8.714676016825444e-08 -1.3694490921434788e-07
5.678184994361743e-08 -8.92286217184897e-08
3.6997110251041394e-08 -5.8138316487298785e-08
2.410604876568925e-08 -3.7880934153173996e-08
1.5706672842563718e-08 -2.46819148454053e-08
1.0233926011114267e-08 -1.608188411027045e-08
6.668070862438558e-09 -1.0478397448065762e-08
4.344681286244799e-09 -6.827356685475571e-09
2.83083989401366e-09 -4.448463069112353e-09
1.8444724830921275e-09 -2.89845713766423e-09
1.2017891251650918e-09 -1.888526146636031e-09
7.830385723964456e-10 -1.2304895637138727e-09
5.101949966585553e-10 -8.017353732686165e-10
3.324194299655917e-10 -5.223737684653878e-10
2.1658693500017892e-10 -3.4035127637688216e-10
1.4111443256633685e-10 -2.2175162969513034e-10
9.193912450336938e-11 -1.4447614559618145e-10
5.989817124085476e-11 -9.412607618365847e-11
3.902137907808709e-11 -6.131968849930926e-11
2.541877345532314e-11 -3.994416537782305e-11
1.655577964450008e-11 -2.60166036751011e-11
1.0780955212390533e-11 -1.6941879567500388e-11
7.018276603615517e-12 -1.1029098896568216e-11
4.5666435748757545e-12 -7.17653270854859e-12
2.969243123614654e-12 -4.6663319994240035e-12
1.928431480201269e-12 -3.030770845488684e-12
1.2502741175877507e-12 -1.9650949899531553e-12
8.084099134569531e-13 -1.2707369548904737e-12
5.205062709458674e-13 -8.18316945230196e-13
3.329180784734694e-13 -5.235354999164276e-13
2.1069201127910765e-13 -3.314659657538592e-13
1.3105367527883513e-13 -2.0632000918200242e-13
7.916405216916779e-14 -1.2477917286681089e-13
4.535454381311542e-14 -7.164994545015715e-14
2.3325421480465186e-14 -3.703275321313536e-14
8.97199682736766e-15 -1.4477371615410674e-14
8.97199682736766e-15 -1.4477371615410674e-14
-5.542064229119406e-06 8.31309634265973e-06
-3.6110199973117147e-06 5.416529994948196e-06
-2.3528174477725678e-06 3.5292261706394754e-06
-1.5330155863802676e-06 2.299523378551025e-06
-9.988606586315936e-07 1.4982909869280142e-06
-6.508235288382812e-07 9.762352922380455e-07
-4.2405440733022325e-07 6.360816099759585e-07
-2.762993833186315e-07 4.144490739585708e-07
-1.8002724990169135e-07 2.7004087383316066e-07
-1.1729961180850547e-07 1.7594941669338184e-07
-7.642842259626618e-08 1.146426328750229e-07
-4.9798149906242375e-08 7.469722383998718e-08
-3.244677263502122e-08 4.867015793315546e-08
-2.1141207096406342e-08 3.171180962523314e-08
-1.3774886247633695e-08 2.0662328352074167e-08
-8.975242862990532e-09 1.3462863275109423e-08
-5.847958959305132e-09 8.771937419581324e-09
-3.810327445776155e-09 5.715490149287859e-09
-2.482676259379722e-09 3.7240133696932084e-09
-1.6176240352476423e-09 2.426435033495089e-09
-1.0539855147210523e-09 1.580977252705204e-09
-6.86737881619889e-10 1.0301058030534592e-09
-4.4745185146637684e-10 6.71176757823191e-10
-2.91541236759011e-10 4.3731083576214215e-10
-1.8995519864874603e-10 2.849317785967447e-10
-1.2376520152565306e-10 1.856467829121052e-10
-8.063805727774329e-11 1.2095606654024058e-10
-5.253788124176188e-11 7.880580248626845e-11
-3.422876509175353e-11 5.134212826125593e-11
-2.2299169570171992e-11 3.344773497888363e-11
-1.4526252071449735e-11 2.1788358730800244e-11
-9.461684179550843e-12 1.4191506892951906e-11
-6.1617845040596754e-12 9.241657379715154e-12
-4.0116824419025225e-12 6.016504286479424e-12
-2.6107492826226583e-12 3.915104547559628e-12
-1.6979490247591726e-12 2.5459041607643996e-12
-1.1031995142372381e-12 1.6537798949814978e-12
-7.156810213152277e-13 1.0725021555984823e-12
-4.631871903833434e-13 6.937614092006559e-13
-2.986708232341516e-13 4.469868584768682e-13
-1.9147757039278127e-13 2.8619697921481273e-13
-1.216341034245746e-13 1.814317787625027e-13
-7.612648285299026e-14 1.1317034790512621e-13
-4.647526964746608e-14 6.869352809683994e-14
-2.7155550586864716e-14 3.971394950593789e-14
-1.4567480682493158e-14 2.0831844649380554e-14
-6.365523737865999e-15 8.528909232439813e-15
-6.365523737865999e-15 8.528909232439813e-15
3.463790142441603e-06 -4.8493061998010675e-06
2.256887497561796e-06 -3.1596424969693384e-06
1.4705109040998293e-06 -2.0587152661225847e-06
9.581347407296414e-07 -1.3413886374043222e-06
6.242879108867202e-07 -8.740030756242324e-07
4.067647047659e-07 -5.69470587055084e-07
2.650340038233638e-07 -3.710476057355333e-07
1.7268711381611895e-07 -2.417619597253906e-07
1.1251703043053138e-07 -1.5752384298556792e-07
7.33122566222902e-08 -1.0263715965403027e-07
4.7767763364640645e-08 -6.68748690933209e-08
3.1123842933375764e-08 -4.357338048955007e-08
2.027923213886254e-08 -2.839092537723156e-08
1.3213253677228244e-08 -1.8498555530943544e-08
8.609303146745338e-09 -1.2053024788267474e-08
5.609526031343362e-09 -7.853336826704708e-09
3.654973591539987e-09 -5.1169634109799826e-09
2.381453895584376e-09 -3.3340358366421276e-09
1.5516719040866054e-09 -2.172341048545248e-09
1.0110142640040556e-09 -1.4154203524296784e-09
6.587401886749369e-10 -9.222366469689122e-10
4.292104179867099e-10 -6.008949680053944e-10
2.796566491407648e-10 -3.9151969162107126e-10
1.822125149486611e-10 -2.5509790375212614e-10
1.1872124112974552e-10 -1.6621012040564429e-10
7.73524929278124e-11 -1.0829387292293792e-10
5.039802777286879e-11 -7.055762170601688e-11
3.283541775038041e-11 -4.596996767453315e-11
2.1392220156625194e-11 -2.994949104327584e-11
1.3936222955636733e-11 -1.9511094961892e-11
9.078149518935323e-12 -1.2709792150510025e-11
5.9127945864985154e-12 -8.278295245098495e-12
3.850357289316536e-12 -5.390883029043723e-12
2.5065435004683154e-12 -3.509543724656214e-12
1.6309602759184004e-12 -2.283727210286333e-12
1.0604601147537218e-12 -1.4850269846557827e-12
6.887416706775126e-13 -9.646211629490903e-13
4.465426126012561e-13 -6.255424816423311e-13
2.887339682688284e-13 -4.0461037957693234e-13
1.8591123880058353e-13 -2.606585583213895e-13
1.189154557747271e-13 -1.668644620851905e-13
7.52632889195979e-14 -1.0575142848800964e-13
4.68210260623577e-14 -6.593226048787337e-14
2.8289017808905087e-14 -3.998744893303971e-14
1.6214193396029234e-14 -2.3082694755013517e-14
8.346649705797012e-15 -1.2068133588688401e-14
3.2204266154050382e-15 -4.891421262139638e-15
3.2204266154050382e-15 -4.891421262139638e-15
-1.385516056302424e-06 2.77103211415428e-06
-9.027549983505014e-07 1.8055099982504346e-06
-5.882043609657146e-07 1.176408723480861e-06
-3.8325389561763947e-07 7.665077927847109e-07
-2.49715163680471e-07 4.994303289103739e-07
-1.6270588123214287e-07 3.2541176401371774e-07
-1.060136008551284e-07 2.1202720325968875e-07
-6.907484485223047e-08 1.3814969125389288e-07
-4.500681149799543e-08 9.001362454542283e-08
-2.9324901974698962e-08 5.864980549882989e-08
-1.910710467163914e-08 3.8214210892710246e-08
-1.2449536499133184e-08 2.4899074547698337e-08
-8.111692181327896e-09 1.622338591208776e-08
-5.285300796674177e-09 1.0570603142780324e-08
-3.443720584481015e-09 6.887442718393999e-09
-2.2438097383202245e-09 4.487621026072418e-09
-1.4619887623988745e-09 2.9239790742297176e-09
-9.525808840166303e-10 1.905163317465229e-09
-6.206680874175219e-10 1.2413377242670124e-09
-4.0440503138450197e-10 8.088116122009727e-10
-2.634954012528545e-10 5.269923519376777e-10
-1.716834929775637e-10 3.4336853538709603e-10
-1.1186198543918566e-10 2.2372552031033998e-10
-7.288433176234419e-11 1.4577021295665705e-10
-4.748782223477794e-11 9.497719390152456e-11
-3.09403229540047e-11 6.188219533997807e-11
-2.015853689202726e-11 4.031862321602319e-11
-1.3133492883031906e-11 2.626853519803248e-11
-8.556213845529818e-12 1.7113977123028306e-11
-5.573814965134435e-12 1.114917936223754e-11
-3.630585590453871e-12 7.262720612876412e-12
-2.364443617479148e-12 4.730436666926966e-12
-1.5394686986063557e-12 3.080486829181382e-12
-1.0019431830670675e-12 2.0054357981028055e-12
-6.517098932471014e-13 1.3049692184628734e-12
-4.2350982878123e-13 8.485690895311304e-13
-2.748224511507464e-13 5.511943342701632e-13
-1.779428279202438e-13 3.5743508780915803e-13
-1.1481937018727274e-13 2.311881723432159e-13
-7.369027839997477e-14 1.4892998876861998e-13
-4.68919651896322e-14 9.533336234793484e-14
-2.943109844758052e-14 6.041162886383148e-14
-1.805419330468444e-14 3.765781857803932e-14
-1.0641390003303396e-14 2.283221197527723e-14
-5.811460238153056e-15 1.317235244497655e-14
-2.664442762060166e-15 6.87831749279077e-15
-6.139535259033765e-16 2.777339020477191e-15
-6.139535259033765e-16 2.777339020477191e-15
6.927580291474718e-07 -1.3855160567455115e-06
4.5137750017151045e-07 -9.02754998793589e-07
2.941021814791171e-07 -5.882043614088022e-07
1.9162694880507953e-07 -3.8325389606072707e-07
1.2485758283649529e-07 -2.4971516412355857e-07
8.135294161233122e-08 -1.6270588167523047e-07
5.300680142382398e-08 -1.06013601298216e-07
3.453742342237501e-08 -6.907484529531806e-08
2.25034067452575e-08 -4.500681194108303e-08
1.4662451983609262e-08 -2.9324902417786555e-08
9.55355333207935e-09 -1.9107105114726732e-08
6.224769245826374e-09 -1.244953694222078e-08
4.05584708692373e-09 -8.111692624415491e-09
2.6426513945968705e-09 -5.285301239761772e-09
1.7218612885002893e-09 -3.44372102756861e-09
1.121905865419894e-09 -2.2438101814078195e-09
7.309953774592191e-10 -1.4619892054864694e-09
4.762914382680969e-10 -9.52581327104225e-10
3.1033503996854275e-10 -6.206685305051169e-10
2.022035119520328e-10 -4.044054744720969e-10
1.3174869688620906e-10 -2.634958443404494e-10
8.584274274856364e-11 -1.716839360651586e-10
5.5931988979374625e-11 -1.1186242852678058e-10
3.644316214095389e-11 -7.288477484993912e-11
2.374490737717077e-11 -4.748826532237287e-11
1.547115773678415e-11 -3.0940766041599625e-11
1.008026470579543e-11 -2.0158979979622186e-11
6.567742701297752e-12 -1.3133935970626834e-11
4.2791031825467084e-12 -8.556656933124746e-12
2.7879037423490168e-12 -5.574258052729363e-12
1.8162890550087345e-12 -3.6310286780487985e-12
1.183218068521373e-12 -2.3648867050740755e-12
7.70730609084977e-13 -1.5399117862012837e-12
5.019678513153329e-13 -1.0023862706619955e-12
3.2685120640534987e-13 -6.521529808420293e-13
2.1275117417241415e-13 -4.2395291637615784e-13
1.3840748535717234e-13 -2.752655387456742e-13
8.996767374192105e-14 -1.7838591551517165e-13
5.840594487543551e-14 -1.1526245778220058e-13
3.784139898178653e-14 -7.413336599490262e-14
2.4442242376615242e-14 -4.7335052784560046e-14
1.5711809005589404e-14 -2.987418604250837e-14
1.0023356434141363e-14 -1.8497280899612288e-14
6.316954783450841e-15 -1.1084477598231243e-14
3.9019899008756705e-15 -6.254547833080903e-15
2.3284811628292257e-15 -3.1075303569880133e-15
1.3032365447508309e-15 -1.0570411208312236e-15
1.3032365447508309e-15 -1.0570411208312236e-15
-6.927580284581888e-07 6.927580287043842e-07
-4.5137749948222744e-07 4.5137749972842286e-07
-2.9410218078983407e-07 2.941021810360295e-07
-1.916269481157965e-07 1.9162694836199194e-07
-1.2485758214721225e-07 1.248575823934077e-07
-8.13529409230482e-08 8.135294116924363e-08
-5.300680073454096e-08 5.3006800980736385e-08
-3.453742273309199e-08 3.4537422979287417e-08
-2.250340605597448e-08 2.2503406302169902e-08
-1.4662451294326243e-08 1.4662451540521667e-08
-9.553552642796332e-09 9.553552888991755e-09
-6.224768556543355e-09 6.2247688027387795e-09
-4.055846397640711e-09 4.0558466438361354e-09
-2.6426507053138517e-09 2.6426509515092755e-09
-1.7218605992172705e-09 1.7218608454126945e-09
-1.1219051761368752e-09 1.1219054223322992e-09
-7.309946881762002e-10 7.309949343716241e-10
-4.762907489850781e-10 4.76290995180502e-10
-3.103343506855239e-10 3.103345968809478e-10
-2.0220282266901396e-10 2.0220306886443786e-10
-1.3174800760319021e-10 1.3174825379861411e-10
-8.58420534655448e-11 8.584229966096871e-11
-5.5931299696355777e-11 5.59315458917797e-11
-3.6442472857935043e-11 3.6442719053358964e-11
-2.3744218094151922e-11 2.3744464289575843e-11
-1.54704684537653e-11 1.547071464918922e-11
-1.0079575422776582e-11 1.0079821618200501e-11
-6.567053418278905e-12 6.567299613702824e-12
-4.278413899527861e-12 4.2786600949517805e-12
-2.787214459330169e-12 2.7874606547540888e-12
-1.815599771989887e-12 1.8158459674138067e-12
-1.1825287855025255e-12 1.1827749809264452e-12
-7.700413260661296e-13 7.702875214900491e-13
-5.012785682964854e-13 5.01524763720405e-13
-3.261619233865024e-13 3.2640811881042204e-13
-2.1206189115356668e-13 2.123080865774863e-13
-1.3771820233832487e-13 1.379643977622445e-13
-8.927839072307359e-14 8.95245861469932e-14
-5.771666185658805e-14 5.796285728050766e-14
-3.715211596293908e-14 3.739831138685868e-14
-2.3752959357767786e-14 2.3999154781687395e-14
-1.5022525986741948e-14 1.5268721410661557e-14
-9.33407341529391e-15 9.580268839213516e-15
-5.627671764603387e-15 5.8738671885229935e-15
-3.212706882028216e-15 3.4589023059478233e-15
-1.6391981439817713e-15 1.8853935679013785e-15
-6.139535259033765e-16 8.601489498229837e-16
5.406089402524498e-17 1.9213452989436226e-16
5.406089402524498e-17 1.9213452989436226e-16
