5 2
3.1430466182308874 1.257218647292355
3.1430466182308874 1.257218647292355
3.1430466182308874 1.257218647292355
-6.673228001477721 -8.421157238839196
-1.7650906916234166 -3.581969295773421
0.6889779633037354 -1.1623753242405328
1.9160122907673114 0.047421661525911096
1.9160122907673114 0.047421661525911096
1.9160122907673114 0.047421661525911096
13.160313363479416 -1.43369378554671
7.538162827123363 -0.6931360620103995
4.727087558945337 -0.3228572002422442
3.3215499248563245 -0.13771776935816654
2.618781107811818 -0.04514805391612772
2.2673966992895647 0.0011368038048916868
2.091704495028438 0.02427923266540139
2.003858392897875 0.03585044709565624
1.959935341832593 0.04163605431078367
1.959935341832593 0.04163605431078367
1.959935341832593 0.04163605431078367
10.240529063142787 -4.640213437454261
6.10023220248769 -2.2992886915717388
4.0300837721601415 -1.1288263186304777
2.9950095569963673 -0.543595132159847
2.4774724494144804 -0.2509795389245317
2.2187038956235368 -0.104671742306874
2.089319618728065 -0.031517843998045164
2.024627480280329 0.005059105156369252
1.992281411056461 0.02334757973357646
1.976108376444527 0.03249181702218006
1.976108376444527 0.03249181702218006
1.976108376444527 0.03249181702218006
6.415029826450235 -7.304706915008911
4.195569101447381 -3.6361075489933654
3.085838738945954 -1.8018078659855927
2.5309735576952406 -0.8846580244817063
2.253540967069884 -0.4260831037297631
2.1148246717572055 -0.19679564335379152
2.045466524100866 -0.08215191316580572
2.0107874502726966 -0.024830048071812834
1.9934479133586118 0.0038308844751836144
1.9847781449015696 0.01816135074868184
1.9847781449015696 0.01816135074868184
1.9847781449015696 0.01816135074868184
7.3227652838890345 -18.338204201532957
4.653771714395302 -9.160021425392136
3.3192749296484356 -4.570930037321728
2.6520265372750025 -2.276384343286523
2.3184023410882864 -1.1291114962689206
2.151590242994928 -0.5554750727601193
2.0681841939482486 -0.26865686100571873
2.026481169424909 -0.12524775512851846
2.0056296571632393 -0.05354320218991831
1.9952039010324045 -0.017690925720618235
1.989991022966987 0.00023521251403180177
1.9873845839342783 0.00919828163135682
1.9873845839342783 0.00919828163135682
1.9873845839342783 0.00919828163135682
0.06417618055815044 -10.581157561730599
1.0257803822462144 -5.285979640049621
1.5065824830902463 -2.638390679209132
1.7469835335122623 -1.3145961987888877
1.8671840587232702 -0.6526989585787654
1.9272843213287743 -0.32175033847370427
1.9573344526315264 -0.15627602842117372
1.9723595182829023 -0.07353887339490846
1.9798720511085903 -0.03217029588177582
1.9836283175214342 -0.011486007125209498
1.9855064507278564 -0.0011438627469263392
1.9855064507278564 -0.0011438627469263392
1.9855064507278564 -0.0011438627469263392
-6.326296897758496 -17.943813720877667
-2.1703952235153197 -8.972478791812298
-0.09244438639373165 -4.486811327279612
0.9465310321670624 -2.243977595013269
1.4660187414474595 -1.1225607288800976
1.725762596087658 -0.561852295813512
1.8556345234077571 -0.2814980792802192
1.9205704870678066 -0.14132097101357277
1.9530384688978315 -0.07123241688024955
1.969272459812844 -0.03618813981358794
1.9773894552703501 -0.018666001280257142
1.9814479529991034 -0.00990493201359174
1.9814479529991034 -0.00990493201359174
1.9814479529991034 -0.00990493201359174
-1.517961333449294 4.604974479203093
0.23174330977490465 2.2975347735947502
1.106595631387004 1.1438149207905792
1.5440217921930537 0.5669549943884937
1.7627348725960785 0.27852503118745103
1.872091412797591 0.13431004958692963
1.9267696828983472 0.06220255878666894
1.9541088179487254 0.026148813386538603
1.9677783854739144 0.008121940686473431
1.9677783854739144 0.008121940686473431
1.9677783854739144 0.008121940686473431
0.5225644902297735 -14.203801908196125
1.245171437851844 -7.097839983754826
1.6064749116628791 -3.544859021534176
1.7871266485683968 -1.7683685404238514
1.8774525170211556 -0.880123299868689
1.9226154512475349 -0.4360006795911078
1.9451969183607247 -0.21393936945231717
1.9564876519173195 -0.10290871438292187
1.962133018695617 -0.04739338684822422
1.9649557020847657 -0.019635723080875394
1.96636704377934 -0.005756891197200981
1.9670727146266271 0.001182524744636225
1.9670727146266271 0.001182524744636225
1.9670727146266271 0.001182524744636225
-8.795576895440671 -10.142082099301827
-3.4142520904070217 -5.070449787278596
-0.7235896878901973 -2.53463363126698
0.6217415133682149 -1.2667255532611719
1.294407113997421 -0.6327715142582678
1.630739914312024 -0.3157944947568158
1.7989063144693256 -0.15730598500608978
1.8829895145479765 -0.07806173013072679
1.9250311145873018 -0.03843960269304528
1.9460519146069644 -0.018628538974204526
1.9565623146167959 -0.00872300711478415
1.9618175146217114 -0.003770241185073963
1.9618175146217114 -0.003770241185073963
1.9618175146217114 -0.003770241185073963
-0.9881866889793294 9.919798168477817
0.486815412821191 4.958013963646371
1.2243164637214512 2.4771218612306485
1.5930669891715814 1.2366758100227873
1.7774422518966464 0.6164527844188566
1.869629883259179 0.30634127161689134
1.9157236989404451 0.1512855152159087
1.9387706067810782 0.07375763701541736
1.9502940607013948 0.0349936979151717
1.9560557876615532 0.015611728365048868
1.9589366511416322 0.005920743589987453
1.9603770828816718 0.001075251202456745
1.9603770828816718 0.001075251202456745
1.9603770828816718 0.001075251202456745
-2.8026405987076446 -5.559334357369953
-0.4211317579129863 -2.779129553083748
0.7696226624843427 -1.3890271509406455
1.3649998726830073 -0.6939759498690944
1.6626884777823396 -0.34645034933331886
1.8115327803320056 -0.17268754906543105
1.8859549316068387 -0.08580614893148715
1.9231660072442553 -0.0423654488645152
1.9417715450629636 -0.02064509883102923
1.9510743139723177 -0.009784923814286242
1.9557256984269946 -0.004354836305914748
1.9580513906543333 -0.0016397925517290016
1.9592142367680025 -0.00028227067463612826
1.9592142367680025 -0.00028227067463612826
1.9592142367680025 -0.00028227067463612826
0.7176412316370531 1.4859287971610682
1.338427734202528 0.742823263243216
1.6488209854852651 0.37127049628428993
1.804017611126634 0.18549411280482692
1.8816159239473182 0.0926059210650954
1.9204150803576603 0.046161825195229635
1.9398146585628315 0.02293977726029675
1.949514447665417 0.011328753292830313
1.9543643422167098 0.005523241309097092
1.9567892894923562 0.002620485317230482
1.9580017631301794 0.0011691073212971768
1.9586079999490908 0.00044341832333052425
1.9589111183585468 8.0573824347198e-05
1.9589111183585468 8.0573824347198e-05
1.9589111183585468 8.0573824347198e-05
2.000840169819932 -0.46710959071201613
1.9798756440892396 -0.23351450844383445
1.969393381223893 -0.11671696730974362
1.96415224979122 -0.05831819674269822
1.9615316840748833 -0.029118811459175508
1.9602214012167152 -0.014519118817414155
1.9595662597876309 -0.007219272496533479
1.9592386890730888 -0.00356934933609314
1.959074903715818 -0.0017443877558729712
1.9589930110371823 -0.0008319069657628866
1.9589520646978646 -0.0003756665707078443
1.9589315915282057 -0.00014754637318032315
1.9589213549433762 -3.348627441656258e-05
1.9589162366509616 2.354377496531771e-05
1.9589162366509616 2.354377496531771e-05
1.9589162366509616 2.354377496531771e-05
1.9756215816075642 -0.1366119191192637
1.9672689091292628 -0.0682941876721492
1.9630925728901123 -0.034135321948591944
1.9610044047705368 -0.01705588908681331
1.9599603207107492 -0.008516172655923996
1.9594382786808555 -0.00424631444047934
1.9591772576659086 -0.002111385332757011
1.959046747158435 -0.0010439207788958467
1.9589814919046984 -0.0005101885019652645
1.9589488642778299 -0.00024332236349997337
1.9589325504643957 -0.00010988929426732784
1.9589243935576788 -4.317275965100506e-05
1.9589203151043202 -9.814492342843677e-06
1.958918275877641 6.864641311237016e-06
1.958918275877641 6.864641311237016e-06
1.958918275877641 6.864641311237016e-06
1.9658388023572966 -0.039833349923059924
1.9623785391174688 -0.019913242640874344
1.9606484074975548 -0.009953188999781553
1.9597833416875978 -0.004973162179235158
1.9593508087826195 -0.0024831487689619606
1.95913454233013 -0.0012381420638253617
1.9590264091038856 -0.0006156387112570623
1.9589723424907632 -0.0003043870349729127
1.958945309184202 -0.00014876119683083784
1.9589317925309215 -7.09482777598004e-05
1.9589250342042812 -3.204181822428169e-05
1.958921655040961 -1.258858845652234e-05
1.958919965459301 -2.861973572642662e-06
1.9589191206684708 2.001333869297177e-06
1.9589191206684708 2.001333869297177e-06
1.9589191206684708 2.001333869297177e-06
1.961785664977982 -0.011617944938613452
1.9603523928232265 -0.005807971802372077
1.9596357567458487 -0.0029029852342513903
1.9592774387071596 -0.0014504919501910464
1.9590982796878154 -0.0007242453081608746
1.959008700178143 -0.0003611219871457887
1.958963910423307 -0.00017956032663824577
1.958941515545889 -8.87794963844743e-05
1.9589303181071798 -4.338908125758856e-05
1.9589247193878254 -2.069387369414569e-05
1.958921920028148 -9.346269912424258e-06
1.9589205203483095 -3.6724680215635403e-06
1.9589198205083902 -8.355670761331816e-07
1.9589194705884305 5.828833965819977e-07
1.9589194705884305 5.828833965819977e-07
1.9589194705884305 5.828833965819977e-07
1.9601094925122877 -0.0033900693026719464
1.9595144815503591 -0.001694743209637682
1.959216976069395 -0.0008470801631205501
1.9590682233289127 -0.000423248639861984
1.9589938469586716 -0.00021133287823270103
1.958956658773551 -0.0001053749974180595
1.9589380646809909 -5.239605701073876e-05
1.9589287676347107 -2.5906586807078378e-05
1.9589241191115705 -1.2661851705248191e-05
1.9589217948500006 -6.039484154333097e-06
1.9589206327192155 -2.7283003788755493e-06
1.958920051653823 -1.0727084911467759e-06
1.9589197611211269 -2.449125472823891e-07
1.9589197611211269 -2.449125472823891e-07
1.9589197611211269 -2.449125472823891e-07
1.9587012206000365 0.0014115790531268448
1.9588104908605817 0.0007056670702897813
1.9588651259908543 0.0003527110788712494
1.9588924435559907 0.00017623308316198352
1.9589061023385588 8.799408530735056e-05
1.9589129317298428 4.387458638003409e-05
1.9589163464254848 2.181483691637585e-05
1.9589180537733057 1.078496218454673e-05
1.9589189074472164 5.270024818632171e-06
1.9589193342841715 2.5125561356748906e-06
1.9589195477026493 1.1338217941962509e-06
1.958919654411888 4.4445462345693084e-07
1.9589197077665075 9.977103808727087e-08
1.9589197344438172 -7.257075459755912e-08
1.9589197344438172 -7.257075459755912e-08
1.9589197344438172 -7.257075459755912e-08
1.9588348238389646 0.00041164777570030803
1.9588772791413909 0.00020578760247285524
1.9588985067926041 0.00010285751585912883
1.9589091206182105 5.139247255226564e-05
1.958914427531014 2.565995089883404e-05
1.9589170809874155 1.279369007211824e-05
1.9589184077156163 6.3605596587603405e-06
1.9589190710797169 3.1439944520813906e-06
1.958919402761767 1.535711848741916e-06
1.958919568602792 7.315705470721783e-07
1.9589196515233047 3.2949989623730965e-07
1.9589196929835608 1.2846457081987525e-07
1.9589197137136891 2.794690811115807e-08
1.9589197137136891 2.794690811115807e-08
1.9589197137136891 2.794690811115807e-08
1.958944137510243 -0.00016719690059948498
1.958931925611966 -8.358447684568691e-05
1.9589258196628276 -4.1778264968787876e-05
1.9589227666882583 -2.087515903033836e-05
1.9589212402009737 -1.0423606061113601e-05
1.9589204769573314 -5.197829576501221e-06
1.9589200953355104 -2.5849413341950317e-06
1.9589199045245997 -1.2784972130419367e-06
1.9589198091191444 -6.252751524653894e-07
1.9589197614164167 -2.986641221771156e-07
1.9589197375650529 -1.353586070329788e-07
1.9589197256393711 -5.370584946091036e-08
1.95891971967653 -1.2879470674876144e-08
1.9589197166951096 7.533718718140962e-09
1.9589197166951096 7.533718718140962e-09
1.9589197166951096 7.533718718140962e-09
1.958925812039013 -3.8584481494842886e-05
1.9589227643670613 -1.9288473888062372e-05
1.9589212405310854 -9.640470084672115e-06
1.9589204786130976 -4.816468182976988e-06
1.9589200976541035 -2.4044672321294234e-06
1.9589199071746066 -1.198466756705641e-06
1.958919811934858 -5.954665189937501e-07
1.9589197643149838 -2.939664001378046e-07
1.9589197405050467 -1.4321634070983181e-07
1.9589197286000781 -6.784131099584542e-08
1.9589197226475938 -3.0153796138852226e-08
1.9589197196713517 -1.1310038710355634e-08
1.9589197181832305 -1.888159996107336e-09
1.9589197174391701 2.822779361016813e-09
1.9589197174391701 2.822779361016813e-09
1.9589197174391701 2.822779361016813e-09
1.958919759860074 -1.2853963873859177e-05
1.958919738649622 -6.42557054724908e-06
1.9589197280443962 -3.2113738839440314e-06
1.9589197227417832 -1.6042755522915073e-06
1.9589197200904767 -8.007263864652453e-07
1.9589197187648233 -3.989518035521142e-07
1.9589197181019968 -1.980645120955487e-07
1.9589197177705835 -9.762086636726594e-08
1.9589197176048767 -4.7399043503124564e-08
1.9589197175220234 -2.2288132071053878e-08
1.9589197174805968 -9.732676355018532e-09
1.9589197174598836 -3.4549484970008593e-09
1.9589197174495268 -3.160845679920231e-10
1.9589197174443485 1.253347396512395e-09
1.9589197174417594 2.038063378764604e-09
1.9589197174404647 2.4304213698907084e-09
1.9589197174398174 2.626600365453761e-09
1.958919717439494 2.724689863235287e-09
1.958919717439332 2.77373461212605e-09
1.958919717439251 2.7982569865714317e-09
1.9589197174392106 2.8105181737941222e-09
1.9589197174391904 2.8166487674054677e-09
1.9589197174391804 2.8197140642111404e-09
1.9589197174391753 2.8212467126139767e-09
1.9589197174391753 2.8212467126139767e-09
1.9589197174391753 2.8212467126139767e-09
1.9589197598600792 -1.285396540650758e-05
1.958919738649627 -6.425572079897482e-06
1.9589197280444013 -3.2113754165924344e-06
1.9589197227417883 -1.6042770849399102e-06
1.9589197200904818 -8.007279191136481e-07
1.9589197187648284 -3.9895333620051704e-07
1.958919718102002 -1.9806604474395155e-07
1.9589197177705886 -9.762239901566878e-08
1.9589197176048818 -4.7400576151527404e-08
1.9589197175220285 -2.228966471945671e-08
1.958919717480602 -9.734209003421368e-09
1.9589197174598887 -3.4564811454036956e-09
1.9589197174495319 -3.1761721639485945e-10
1.9589197174443536 1.2518147481095586e-09
1.9589197174417645 2.036530730361768e-09
1.9589197174404698 2.428888721487872e-09
1.9589197174398225 2.6250677170509246e-09
1.958919717439499 2.7231572148324505e-09
1.9589197174393371 2.7722019637232136e-09
1.958919717439256 2.7967243381685954e-09
1.958919717439256 2.7967243381685954e-09
1.958919717439256 2.7967243381685954e-09
1.95891975986016 -1.2853989928882025e-05
1.958919738649708 -6.425596602271928e-06
1.9589197280444821 -3.2113999389668795e-06
1.958919722741869 -1.6043016073143556e-06
1.9589197200905626 -8.007524414880935e-07
1.9589197187649092 -3.989778585749624e-07
1.9589197181020828 -1.9809056711839693e-07
1.9589197177706694 -9.764692139011416e-08
1.9589197176049626 -4.7425098525972786e-08
1.9589197175221094 -2.2314187093902093e-08
1.9589197174806827 -9.75873137786675e-09
1.9589197174599695 -3.481003519849077e-09
1.9589197174496127 -3.421395908402408e-10
1.9589197174444344 1.2272923736641773e-09
1.9589197174444344 1.2272923736641773e-09
1.9589197174444344 1.2272923736641773e-09
1.9589197598653383 -1.2855559360846529e-05
1.9589197386548862 -6.427166034236433e-06
1.9589197280496604 -3.212969370931384e-06
1.9589197227470474 -1.60587103927886e-06
1.958919720095741 -8.023218734525979e-07
1.9589197187700875 -4.0054729053946685e-07
1.958919718107261 -1.9965999908290134e-07
1.9589197177758477 -9.921635335461858e-08
1.958919717610141 -4.89945304904772e-08
1.9589197175272877 -2.3883619058406513e-08
1.958919717485861 -1.1328163342371167e-08
1.9589197174651478 -5.050435484353495e-09
1.958919717454791 -1.9115715553446587e-09
1.9589197174496127 -3.421395908402408e-10
1.9589197174470236 4.4257639141196823e-10
1.958919717445729 8.349343825380728e-10
1.9589197174450816 1.031113378101125e-09
1.9589197174447581 1.1292028758826512e-09
1.9589197174445963 1.1782476247734141e-09
1.9589197174445152 1.2027699992187957e-09
1.9589197174444748 1.2150311864414866e-09
1.9589197174444546 1.2211617800528318e-09
1.9589197174444446 1.2242270768585046e-09
1.9589197174444395 1.225759725261341e-09
1.9589197174444395 1.225759725261341e-09
1.9589197174444395 1.225759725261341e-09
1.9589257279465329 -1.2877216147387097e-05
1.9589227226954862 -6.437995193830918e-06
1.9589212200699628 -3.218384717052828e-06
1.9589204687572013 -1.6085794786637833e-06
1.9589200931008204 -8.036768594692611e-07
1.9589199052726298 -4.0122554987199983e-07
1.9589198113585347 -1.9999989507336926e-07
1.958919764401487 -9.938706767405395e-08
1.9589197409229633 -4.908065397439631e-08
1.9589197291837015 -2.3927447124567484e-08
1.9589197233140705 -1.135084369965307e-08
1.958919720379255 -5.062541987195865e-09
1.9589197189118472 -1.9183911309672623e-09
1.9589197181781433 -3.463157028529606e-10
1.9589197181781433 -3.463157028529606e-10
1.9589197181781433 -3.463157028529606e-10
1.958913707676052 1.2878095591401395e-05
1.9589167129270977 6.438874637849271e-06
1.9589182155526204 3.2192641610732092e-06
1.958918966865382 1.6094589226851782e-06
1.9589193425217626 8.045563034911625e-07
1.958919530349953 4.021049938941548e-07
1.958919624264048 2.0087933909565092e-07
1.9589196712210957 1.0026651169639898e-07
1.9589196946996195 4.996009799677301e-08
1.9589197064388812 2.4806891146960024e-08
1.9589197123085123 1.2230287722053532e-08
1.9589197152433278 5.9419860096002855e-09
1.9589197167107355 2.7978351533736628e-09
1.9589197167107355 2.7978351533736628e-09
1.9589197167107355 2.7978351533736628e-09
1.958925769633735 -2.573243072518729e-05
1.9589227431722354 -1.2864816445016958e-05
1.9589212299414853 -6.431009304931792e-06
1.9589204733261105 -3.2141057348892094e-06
1.958920095018423 -1.6056539498679179e-06
1.9589199058645792 -8.014280573572721e-07
1.9589198112876574 -3.993151111019492e-07
1.9589197639991964 -1.9825863797428777e-07
1.958919740354966 -9.773040141045705e-08
1.9589197285328508 -4.7466283128541694e-08
1.9589197226217931 -2.2334223987584018e-08
1.9589197196662642 -9.768194417105176e-09
1.9589197181884999 -3.485179631865757e-09
1.9589197174496178 -3.4367223924604717e-10
1.9589197170801766 1.2270814570638078e-09
1.958919716895456 2.012458305218735e-09
1.9589197168030958 2.405146729296199e-09
1.9589197167569157 2.601490941334931e-09
1.9589197167569157 2.601490941334931e-09
1.9589197167569157 2.601490941334931e-09
1.9589257272590113 -1.2875840416178625e-05
1.9589227220079635 -6.436619462618645e-06
1.9589212193824395 -3.2170089858386547e-06
1.9589204680696777 -1.60720374744866e-06
1.9589200924132966 -8.023011282536625e-07
1.9589199045851062 -3.998498186561638e-07
1.9589198106710108 -1.9862416385741442e-07
1.9589197637139633 -9.801133645803975e-08
1.9589197402354395 -4.770492275835241e-08
1.9589197284961777 -2.255171590850874e-08
1.9589197226265467 -9.975112483586905e-09
1.9589197196917312 -3.6868107711259867e-09
1.9589197182243234 -5.426599148955279e-10
1.9589197174906194 1.0294155132197015e-09
1.9589197171237676 1.815453227277316e-09
1.9589197169403416 2.2084720843061237e-09
1.9589197168486288 2.404981512820527e-09
1.9589197168486288 2.404981512820527e-09
1.9589197168486288 2.404981512820527e-09
1.9589257273507241 -1.2876036925606124e-05
1.9589227220996763 -6.436815972046652e-06
1.9589212194741525 -3.2172054952669158e-06
1.9589204681613908 -1.6074002568770475e-06
1.9589200925050096 -8.024976376821135e-07
1.9589199046768193 -4.000463280846465e-07
1.958919810762724 -1.98820673285913e-07
1.9589197638056763 -9.820784588654622e-08
1.9589197403271525 -4.790143218686285e-08
1.9589197285878908 -2.274822533702116e-08
1.9589197227182598 -1.0171621912100318e-08
1.9589197197834443 -3.8833201996398954e-09
1.9589197183160365 -7.39169343409684e-10
1.9589197183160365 -7.39169343409684e-10
1.9589197183160365 -7.39169343409684e-10
1.9589256863972235 -2.239442322594015e-08
1.95892270235663 -1.1566796284674917e-08
1.9589212103363332 -6.152982814042301e-09
1.9589204643261848 -3.446076078725992e-09
1.9589200913211107 -2.092622711067838e-09
1.9589199048185737 -1.415896027238761e-09
1.958919811567305 -1.0775326853242225e-09
1.9589197649416707 -9.083510143669532e-10
1.9589197416288537 -8.237601788883186e-10
1.958919729972445 -7.814647611490012e-10
1.9589197241442409 -7.603170522793426e-10
1.9589197212301386 -7.497431978445133e-10
1.9589197197730877 -7.444562706270986e-10
1.958919719044562 -7.418128070183913e-10
1.9589197186802993 -7.404910752140377e-10
1.958919718498168 -7.398302093118608e-10
1.958919718407102 -7.394997763607724e-10
1.9589197183615694 -7.393345598852282e-10
1.958919718338803 -7.39251951647456e-10
1.9589197183274196 -7.3921064752857e-10
1.9589197183217282 -7.39189995469127e-10
1.9589197183217282 -7.39189995469127e-10
1.9589197183217282 -7.39189995469127e-10
