5 2
4.549946776371939 1.8199787105487752
4.402664126708355 2.250953020971735
3.8844088253803974 1.674621036931223
4.065300661191925 2.1552204343743697
3.4206617478591106 1.1479638161057168
2.9838225376499037 0.73908042804759
2.8075113873445208 1.3689014912605995
2.919396347229096 1.0113719365067815
3.1835222739454467 0.8682358504201142
2.412414915823478 1.2753836547588686
2.1146405340338013 0.9689031864526452
1.3964511921416598 1.032743950198926
1.0031013770187764 0.8272320178562883
0.8125057647696858 1.2477723886412777
1.0294104861764637 0.70281038006622
0.7748962598061444 0.969542591168111
1.1308736887269126 0.8984671272307682
0.556510901216001 1.1142730549150728
0.5511447185218126 0.7769293294949606
0.48888988009389117 0.7834997639082749
0.37181954844765236 0.7807233412343199
0.14962217864044666 0.7917073855915733
-0.1830684095256301 0.9568990351197657
0.27823687769124117 0.9005769085431257
-0.08716040810481518 0.9122030505026809
0.2060709345930793 1.0121998123170581
-0.23117245640771666 0.8109799885692542
0.09327425036911946 0.9019770779167193
-0.19431269411852314 1.0154704359644138
0.22256352013665642 0.8147504747227157
-0.0919659493257966 0.9076993101817965
0.1814334805992825 1.0051908919651695
-0.21676394907098478 0.8379795250915282
0.10168302817704095 0.9281954688191043
-0.18734358640917576 0.9744330252699701
0.19323856333368722 0.887772838747969
-0.14820630310860206 0.9552087317696416
0.2012981160532455 0.9232452429510191
-0.14843534180070322 0.9361819449675558
0.18659391792958796 0.9462921272172105
-0.16375248617386812 0.9235331707026324
0.16808372372596192 0.9512078798589416
-0.17127984102323418 0.9245477812254562
0.1563381954832549 0.9468107690981002
-0.16831009628721577 0.9328477973961169
0.1541926380358612 0.941551613172587
-0.16059863013058767 0.9387939313975333
0.15370928340610518 0.9392498562891272
-0.1535830042938673 0.9410159606762167
0.15107642666846183 0.9395245958679372
-0.1485057374578112 0.9415495944029733
0.14699814923632343 0.9405781009868047
-0.1443347517551476 0.9418372278154502
0.1426309251605795 0.9415276011754566
-0.1402824877794706 0.9422600708872516
0.13836591970916956 0.9422858783385702
-0.1361995532186807 0.9427753999477375
0.13420330542355013 0.9429361345835408
-0.13211464020429325 0.9433156172494899
0.13009873235928582 0.9435292312599998
-0.12804660666561868 0.9438518943491981
0.1260292441961079 0.9440854614535542
-0.12399716569614327 0.9443745123787638
0.12198275710151671 0.9446134469423056
-0.11996219074144285 0.9448802702926822
0.11795060033846122 0.9451176356312044
-0.11593593324489967 0.945368275198932
0.11392520596344827 0.9456007124719323
-0.11191200692555958 0.9458385752968959
0.10989943187460083 0.9460645146031553
-0.107883838945797 0.9462916195623287
0.10586633286963604 0.9465103406923553
-0.10384466100296569 0.9467279682376901
0.10181893849674517 0.9469392274287024
-0.09978759163294085 0.9471481944249333
0.09775024093559559 0.9473519828533682
-0.09570563548644179 0.9475528530881944
0.09365314189336357 0.9477492411379268
-0.09159168536423823 0.9479424033874851
0.0895204739760829 0.9481314831354387
-0.08743852599634272 0.9483172141777818
0.08534499834922257 0.9484990938249274
-0.08323894018647099 0.9486775260667697
0.08111950386505376 0.948852272198044
-0.0789857994953527 0.9490234864027368
0.0768369904358919 0.9491910743415465
-0.0746722669110852 0.949355088261238
0.07249088321753563 0.9495154251453523
-0.07029214960112432 0.9496721270530608
0.06807547317840171 0.9498250780997094
-0.06584036716048078 0.9499742510426362
0.06358649935337976 0.9501195456831784
-0.061313713238760184 0.9502608993315966
0.0590220608421262 0.9503981596412133
-0.056711889595910905 0.950531266057341
0.05438384483493269 0.9506600201423592
-0.05203896742882001 0.950784319431369
0.049678759739522876 0.9509039653979253
-0.04730526536036685 0.9510188061066701
0.04492113101159491 0.9511286302502238
-0.04252972595929366 0.9512332640920188
0.04013520329637969 0.9513324970579455
-0.037742567112236766 0.9514261341698412
0.035357769167545225 0.9515139957233337
-0.03298774627318998 0.9515959169774229
0.03064040747757177 0.9516717436055836
-0.02832464172775151 0.9517413907033273
0.02605022156546681 0.9518047825457239
-0.02382765453017214 0.951861944612484
0.02166798141273585 0.9519129266517335
-0.01958250051046756 0.951957877003597
0.01758242601738113 0.95199702017769
-0.015678488898103624 0.9520306349470132
0.013880528709077494 0.9520591066985828
-0.012197078597875145 0.9520828399338872
0.010634990167504056 0.9521023107984484
-0.009199114942688786 0.9521180254549967
0.007892123247537585 0.9521304793523837
-0.006714353678711954 0.9521401775184684
0.005663902765686684 0.9521475865269575
-0.0047367412678615654 0.9521531510997863
0.003926991698883418 0.9521572430204769
-0.0032272193463369044 0.952160193929658
0.002628860097469715 0.9521622802955775
-0.0021225951486660705 0.9521637399855573
0.0016987240295596971 0.9521647261334478
-0.0013475095985099146 0.9521653939134173
0.0010594992152968244 0.9521658231777408
-0.0008257155182106941 0.952166100538133
0.0006378661214390827 0.9521662808951249
-0.0004884337006090316 0.9521663879309559
0.000370738282035509 0.9521664564785697
-0.00027894458934982224 0.9521664906232845
0.00020805513278943707 0.9521665170810061
-0.00015383133464265842 0.9521665321436049
0.00011275513481728936 0.9521665396471646
-8.193435618286923e-05 0.9521665433852268
5.902283701813405e-05 0.9521665433852268
-4.215212380740996e-05 0.9521665433852268
2.9847634803957095e-05 0.9521665470830214
-2.0952752190782756e-05 0.9521665433983629
1.4581587285564636e-05 0.9521665433983629
-1.0060437087642588e-05 0.9521665470571639
6.882871780989506e-06 0.9521665434110892
-4.6715953195193734e-06 0.9521665506780497
3.1425559446581087e-06 0.9521665434360188
-2.093635858910813e-06 0.9521665470446968
1.3877431073611503e-06 0.9521665470446968
-9.098424721555251e-07 0.9521665434603199
5.905692979033568e-07 0.9521665506051379
-3.8146362514836094e-07 0.9521665434840175
2.431301840518242e-07 0.9521665434840175
-1.530375566353984e-07 0.9521665470212295
9.728776898815811e-08 0.9521665434955207
-6.085650294167257e-08 0.9521665470098378
4.073151808611192e-08 0.9521665435068026
-2.5613845158108917e-08 0.9521665435068026
1.6155676717101963e-08 0.9521665469875962
-8.133135615775209e-09 0.9521665469875962
5.702744855395365e-09 0.9521665435286261
-8.090100113479726e-09 0.9521665469768373
5.660108447453263e-09 0.9521665469768373
-1.1938741109610557e-09 0.9521665469768373
-1.1938741109610557e-09 0.9521665503933645
2.2122842014553815e-09 0.9521665469872062
-1.183599100182726e-09 0.9521665435913228
2.2021016199074474e-09 0.9521665469770235
-1.1735075703731897e-09 0.9521665436014143
