5 2
3.076952104718486 1.4505577442052817
3.076952104718486 1.4505577442052817
3.076952104718486 1.4505577442052817
-37.53866499688818 -10.153904398093877
-17.230856446084847 -4.351673326944297
-7.076952170683181 -1.450557791369508
-2.0000000329823475 -2.3582113151121575e-08
-2.0000000329823475 -2.3582113151121575e-08
-2.0000000329823475 -2.3582113151121575e-08
-1.9999997541635544 1.127147404046437e-07
-1.999999893572951 4.4566313626761064e-08
-1.9999999632776493 1.0492100237819744e-08
-1.9999999981299983 -6.5450064566509156e-09
-1.9999999981299983 -6.5450064566509156e-09
-1.9999999981299983 -6.5450064566509156e-09
-2.0000000056100053 1.9635019402824494e-08
-2.000000001870002 6.545006473086789e-09
-2.0 8.217936815318373e-18
-2.0 8.217936815318373e-18
-2.0 8.217936815318373e-18
