5 2
-19.62611038155497 -5.036031537587134
-12.81198502049859 -3.0891385772853113
-7.883350454243878 -1.6809572726411082
-4.318485207339336 -0.6624243449540961
-4.318485207339336 -0.6624243449540961
3.8379822923228524 1.6679949317683236
1.5810610333444455 1.023160288807294
-0.05136272479310833 0.556753502548295
-1.2320894849894994 0.21940300092272724
-1.2320894849894994 0.21940300092272724
-3.933610800192024 -0.552460221280271
-3.186091008307068 -0.33888314084861726
-2.6454123899916935 -0.18440353775953916
-2.254341315383393 -0.07266894656497624
-2.254341315383393 -0.07266894656497624
-1.359564561683349 0.18298155340846317
-1.607152218662176 0.11224222314295171
-1.7862315604274246 0.061076697141202674
-1.9157590620743143 0.02406883968468386
-1.9157590620743143 0.02406883968468386
-2.212120009262939 -0.06060571782296681
-2.1301159649792236 -0.037175990561560915
-2.070802708205394 -0.02022934553526757
-2.0279016237546497 -0.007971892665969413
-2.0279016237546497 -0.007971892665969413
-1.9297432716081093 0.02007335144127075
-1.956904008987985 0.01231314058510162
-1.9765492814187624 0.006700205477431272
-1.990758642655229 0.002640387889114998
-1.990758642655229 0.002640387889114998
-2.0232698835172833 -0.006648538340776318
-2.014273916738727 -0.0040782620438141685
-2.0077671634178866 -0.0022191896125331395
-2.0030608500420772 -0.000874528609031673
-2.0030608500420772 -0.000874528609031673
-1.992292731341675 0.0022020768277529563
-1.9952723050376588 0.0013507700315136093
-1.9974274209377356 0.0007350226127161455
-1.99898620921306 0.0002896545204718289
-1.99898620921306 0.0002896545204718289
-2.0025527411970216 -0.0007293546500511008
-2.0015658701213064 -0.00044739147663780605
-2.0008520695029604 -0.00024344843637061114
-2.0003357798524792 -9.593710299353556e-05
-2.0003357798524792 -9.593710299353556e-05
-1.9991545010348932 0.00024157113814955478
-1.999481364750871 0.00014818150292477162
-1.999717784206584 8.063308549626866e-05
-1.9998887856249352 3.177553630343878e-05
-1.9998887856249352 3.177553630343878e-05
-2.000280039551501 -8.00113014739004e-05
-2.0001717783091726 -4.9079517504418965e-05
-2.000093473307011 -2.6706659420652324e-05
-2.000036835555295 -1.0524444410673575e-05
-2.000036835555295 -1.0524444410673575e-05
-1.9999072474909079 2.6500716983876845e-05
-1.999943104932556 1.6255733616760103e-05
-1.9999690405027137 8.845570686319355e-06
-1.9999877996157036 3.485824097376702e-06
-1.9999877996157036 3.485824097376702e-06
-2.000030720759965 -8.777360044435591e-06
-2.000018844338837 -5.384096846418888e-06
-2.000010254162315 -2.929760683816734e-06
-2.000004040915758 -1.1545473721651537e-06
-2.000004040915758 -1.1545473721651537e-06
-1.9999898249103143 2.90716848893094e-06
-1.9999937585255594 1.7832784133293119e-06
-1.9999966036965888 9.703724009247994e-07
-1.9999986615994803 3.824001433624525e-07
-1.9999986615994803 3.824001433624525e-07
-2.0000033701136073 -9.628895909755753e-07
-2.000002067252334 -5.906435174101923e-07
-2.0000011248970404 -3.213991510220581e-07
-2.0000004432945415 -1.2665558223861226e-07
-2.0000004432945415 -1.2665558223861226e-07
-1.9999988837773512 3.1892075328255577e-07
-1.9999993153008633 1.9562832256091444e-07
-1.9999996274204068 1.0645131104229444e-07
-1.9999998531754508 4.194987054959604e-08
-1.9999998531754508 4.194987054959604e-08
-2.0000003697065294 -1.0563043554273169e-07
-2.000000226780689 -6.479448171344104e-08
-2.000000123402897 -3.5257969993348244e-08
-2.0000000486300777 -1.3894307759862643e-08
-2.0000000486300777 -1.3894307759862643e-08
-1.9999998775486965 3.498608603580496e-08
-1.9999999248874747 2.1460721052833174e-08
-1.999999959127458 1.1677868838627447e-08
-1.999999983893126 4.601963858208814e-09
-1.999999983893126 4.601963858208814e-09
-2.0000000405573632 -1.1587817562387878e-08
-2.000000024878183 -7.1080520428328e-09
-2.0000000135374836 -3.86785230794382e-09
-2.0000000053347926 -1.5242264471381994e-09
-2.0000000053347926 -1.5242264471381994e-09
-1.9999999865669082 3.8380262291061765e-09
-1.9999999917600433 2.354273359186568e-09
-1.9999999955162209 1.2810797657344346e-09
-1.9999999982330519 5.048423529036137e-10
-1.9999999982330519 5.048423529036137e-10
-2.0000000044492037 -1.2712010053661475e-09
-2.000000002729174 -7.797639939010202e-10
-2.0000000014850823 -4.2430921232528985e-10
-2.000000000585235 -1.6720993246363098e-10
-2.000000000585235 -1.6720993246363098e-10
-1.999999998526369 4.210372466423291e-10
-1.999999999096064 2.582673264393362e-10
-1.9999999995081226 1.4053637601628392e-10
-1.999999999806163 5.5381964991019284e-11
-1.999999999806163 5.5381964991019284e-11
-2.0000000004880847 -1.3945266115415785e-10
-2.0000000002993947 -8.554128226980967e-11
-2.000000000162916 -4.6547358412403506e-11
-2.000000000064201 -1.8343180940722563e-11
-2.000000000064201 -1.8343180940722563e-11
-1.9999999998383406 4.6188418858576035e-11
-1.9999999999008369 2.8332313937057538e-11
-1.9999999999460403 1.5417051702841247e-11
-1.999999999978736 6.075484809517438e-12
-1.999999999978736 6.075484809517438e-12
-2.000000000053544 -1.5298166553433315e-11
-2.000000000032844 -9.384007250397508e-12
-2.0000000000178724 -5.1063151876908316e-12
-2.0000000000070433 -2.0122745226125678e-12
-2.0000000000070433 -2.0122745226125678e-12
-1.999999999982265 5.066938979082801e-12
-1.9999999999891211 3.108097427947464e-12
-1.9999999999940803 1.691273746669474e-12
-1.9999999999976672 6.664898162557859e-13
-1.9999999999976672 6.664898162557859e-13
-2.000000000005874 -1.678231867068527e-12
-2.0000000000036033 -1.029439701378975e-12
-2.0000000000019607 -5.601704518861754e-13
-2.0000000000007727 -2.2074953997444333e-13
-2.0000000000007727 -2.2074953997444333e-13
-1.9999999999980542 5.558508226120295e-13
-1.9999999999988065 3.4096295992829536e-13
-1.9999999999993505 1.8553527232739432e-13
-1.999999999999744 7.311493470917344e-14
-1.999999999999744 7.311493470917344e-14
-2.0000000000006453 -1.8410455853242521e-13
-2.0000000000003957 -1.1293108269320196e-13
-2.0000000000002154 -6.145154061924923e-14
-2.000000000000085 -2.4216556365699657e-14
-2.000000000000085 -2.4216556365699657e-14
-1.9999999999997864 6.097767079137122e-14
-1.999999999999869 3.740414923672859e-14
-1.9999999999999287 2.0353498268876384e-14
-1.9999999999999718 8.020818242532892e-15
-1.9999999999999718 8.020818242532892e-15
-2.0000000000000715 -2.019654681380786e-14
-2.000000000000044 -1.2388709527550368e-14
-2.000000000000024 -6.741326378911718e-15
-2.0000000000000093 -2.656592635335599e-15
-2.0000000000000093 -2.656592635335599e-15
-1.9999999999999765 6.689342146875039e-15
-1.9999999999999856 4.103291396857276e-15
-1.9999999999999922 2.2328093553219375e-15
-1.999999999999997 8.798958180751616e-16
-1.999999999999997 8.798958180751616e-16
-2.000000000000008 -2.2155915461415704e-15
-2.000000000000005 -1.359060058768008e-15
-2.0000000000000027 -7.395336379772342e-16
-2.000000000000001 -2.914322059624725e-16
-2.000000000000001 -2.914322059624725e-16
-1.9999999999999978 7.338308931879671e-16
-1.9999999999999987 4.501372372499588e-16
-1.9999999999999993 2.4494254463771783e-16
-1.9999999999999993 2.4494254463771783e-16
-2.000000000000002 -6.167691912003921e-16
-2.0000000000000013 -3.7833073290888755e-16
-2.000000000000001 -2.058689766024544e-16
-2.0000000000000004 -8.112795285394086e-17
-2.0000000000000004 -8.112795285394086e-17
-1.999999999999999 2.042814619640956e-16
-1.9999999999999993 1.253077425393457e-16
-1.9999999999999996 6.818630981563345e-17
-1.9999999999999998 2.6870564524966245e-17
-1.9999999999999998 2.6870564524966245e-17
-2.000000000000001 -6.766050739648509e-17
-2.0000000000000004 -4.150345032951629e-17
-2.0000000000000004 -2.2584136583316945e-17
-2.0 -8.899858886834982e-18
-2.0 -8.899858886834982e-18
