5 2
3.038838648618352 2.3922322702763297
3.038838648618352 2.3922322702763297
3.038838648618352 2.3922322702763297
-21.271870527279866 7.254374075013109
-9.116515939330757 4.823303172644719
-3.0388386453562024 3.6077677214605246
1.6310748307546419e-09 2.999999995868427
1.6310748307546419e-09 2.999999995868427
1.6310748307546419e-09 2.999999995868427
-1.4344722241428277e-08 3.000000014285018
-6.3568237053368174e-09 3.0000000050767226
-2.3628744372910878e-09 3.000000000472575
-3.6589980326822295e-10 2.9999999981705012
-3.6589980326822295e-10 2.9999999981705012
-3.6589980326822295e-10 2.9999999981705012
1.0976995868464714e-09 3.0000000054884963
3.658998917891242e-10 3.0000000018294988
4.426045063671209e-17 3.0
4.426045063671209e-17 3.0
4.426045063671209e-17 3.0
