5 2
-18.29624157733088 6.659248315466176
-8.103776307083537 4.620755261416708
-2.3706719144417914 3.474134382888358
0.8541108152942547 2.829177836941149
0.8541108152942547 2.829177836941149
-3.1254035589966063 3.625080710235709
-1.38430459598281 3.276860918317054
-0.4049633033500657 3.0809926601753035
0.14590105751049165 2.970819788219635
0.14590105751049165 2.970819788219635
-0.5338881989640689 3.10677764138074
-0.2364699066311789 3.047293982097674
-0.06917670787943866 3.013835341888064
0.02492313422867337 2.9950153732081137
0.02492313422867337 2.9950153732081137
-0.09119993693796775 3.018239987266325
-0.040394300929618265 3.008078860141272
-0.011816914865750157 3.0023633829715934
0.0042574236999387075 2.9991485152826964
0.0042574236999387075 2.9991485152826964
-0.015578970502166192 3.0031157940207827
-0.00690024186172193 3.001380048337467
-0.002018590958645633 3.0004037181820356
0.000727262325492277 2.999854547539374
0.000727262325492277 2.999854547539374
-0.0026612334394600225 3.0005322466686635
-0.0011787142404719795 3.0002357428392354
-0.00034482007389535774 3.000068964011753
0.00012423252355173078 2.999975153495544
0.00012423252355173078 2.999975153495544
-0.0004545976525326575 3.000090919529243
-0.00020135051618547218 3.000040270102638
-5.890291088882365e-05 3.0000117805819517
2.1221668395388603e-05 2.9999957556663053
2.1221668395388603e-05 2.9999957556663053
-7.765535432721156e-05 3.0000155310710044
-3.4395130707869006e-05 3.000006879026213
-1.006192264851023e-05 3.000002012384563
3.625131299017218e-06 2.999999274973752
3.625131299017218e-06 2.999999274973752
-1.3265255599272497e-05 3.0000026530510873
-5.8754506262085575e-06 3.0000011750901123
-1.718799391348811e-06 3.000000343759876
6.192527698704579e-07 2.99999987614945
6.192527698704579e-07 2.99999987614945
-2.2659996549962363e-06 3.0000004531999167
-1.0036571849144141e-06 3.0000002007314306
-2.9360902989443605e-07 3.0000000587218043
1.0578209762945652e-07 2.999999978843581
1.0578209762945652e-07 2.999999978843581
-3.870829625570673e-07 3.0000000774165896
-1.7144689129663746e-07 3.000000034289377
-5.0154929580178415e-08 3.0000000100309854
1.8069926729966322e-08 2.999999996386015
1.8069926729966322e-08 2.999999996386015
-6.612234894722648e-08 3.000000013224469
-2.9286928821007317e-08 3.0000000058573852
-8.567573558950432e-09 3.0000000017135147
3.086743970327798e-09 2.999999999382651
3.086743970327798e-09 2.999999999382651
-1.129516267369737e-08 3.0000000022590325
-5.002856530555075e-09 3.000000001000571
-1.4635314475057314e-09 3.0000000002927063
5.272842818202605e-10 2.999999999894543
5.272842818202605e-10 2.999999999894543
-1.92946412002258e-09 3.000000000385893
-8.545987740225171e-10 3.00000000017092
-2.500036075675803e-10 3.000000000050001
9.007184156746968e-11 2.9999999999819855
9.007184156746968e-11 2.9999999999819855
-3.2959523452669847e-10 3.0000000000659193
-1.4598441112596791e-10 3.000000000029197
-4.270615701720983e-11 3.000000000008541
1.5386266807249516e-11 2.999999999996923
1.5386266807249516e-11 2.999999999996923
-5.6302170895742913e-11 3.00000000001126
-2.4937372881412016e-11 3.000000000004987
-7.295158117611506e-12 3.000000000001459
2.6283153774146105e-12 2.999999999999474
2.6283153774146105e-12 2.999999999999474
-9.617658617319448e-12 3.0000000000019242
-4.259855976607838e-12 3.000000000000852
-1.246174689506835e-12 3.000000000000249
4.4897451797059254e-13 2.9999999999999103
4.4897451797059254e-13 2.9999999999999103
-1.642909248572356e-12 3.000000000000328
-7.27677812243558e-13 3.000000000000145
-2.128742560109732e-13 3.0000000000000426
7.669479831782326e-14 2.9999999999999845
7.669479831782326e-14 2.9999999999999845
-2.806453115473809e-13 3.000000000000057
-1.243034978957061e-13 3.0000000000000253
-3.6363640870493705e-14 3.0000000000000075
1.3101171344392298e-14 2.9999999999999973
1.3101171344392298e-14 2.9999999999999973
-4.794043916901255e-14 3.0000000000000098
-2.1233792385127025e-14 3.0000000000000044
-6.211715789352659e-15 3.0000000000000013
2.2379704282923854e-15 2.9999999999999996
2.2379704282923854e-15 2.9999999999999996
-8.18928952442969e-15 3.0000000000000018
-3.6272023491585e-15 3.000000000000001
-1.0610987294081102e-15 3.0
3.8229494859731187e-16 3.0
3.8229494859731187e-16 3.0
-1.3989121502596884e-15 3.0
-6.196065513735499e-16 3.0
-1.8125918067154453e-16 3.0
6.530444940630805e-17 3.0
6.530444940630805e-17 3.0
