5 2
-3.152173923606684 3.0
2.0311874528007827 3.0
-1.2133331795334072 3.0
0.40774976934245544 3.0
-0.20387488457435055 3.0
0.10193744238405245 3.0
-0.05096872118246054 3.0
0.025484360589882016 3.0
-0.012744513598870147 3.0
0.006371965104699985 3.0
-0.003185982552315135 3.0
0.0015929958337387376 3.0
-0.0007964979168705241 3.0
0.00039824895843410674 3.0
-0.00019912447031531866 3.0
9.95622351575206e-05 3.0
-4.9781117578774126e-05 3.0
2.4890558806769507e-05 3.0
-1.2445279403384876e-05 3.0
6.222639701420662e-06 3.0
-3.111319850710382e-06 3.0
1.5556599253552215e-06 3.0
-7.778299626776107e-07 3.0
3.8891498133880537e-07 3.0
-1.9445749066940268e-07 3.0
9.722874533470134e-08 3.0
-4.86143726673508e-08 3.0
2.43071863336754e-08 3.0
-1.21535931668377e-08 3.0
6.07679658341885e-09 3.0
-3.038398291709427e-09 3.0
1.5191991458547126e-09 3.0
-7.595995729273559e-10 3.0
3.7979978646367856e-10 3.0
-1.898998932318402e-10 3.0
9.494994661591824e-11 3.0
-4.747497330796005e-11 3.0
2.3737486653979742e-11 3.0
-1.1868743326989522e-11 3.0
5.9343716634941794e-12 3.0
-2.9671858317476746e-12 3.0
1.4835929158751104e-12 3.0
-7.417964579378339e-13 3.0
3.7089822896925904e-13 3.0
-1.8544911448614817e-13 3.0
9.27245572431065e-14 3.0
-4.636227862214127e-14 3.0
2.318113931172336e-14 3.0
-1.1590569657070113e-14 3.0
5.795284829187773e-15 3.0
-2.8976424158023298e-15 3.0
1.4488212066927215e-15 3.0
-7.244106030038413e-16 3.0
3.622053009138615e-16 3.0
-1.8110265073479715e-16 3.0
9.055132664049583e-17 3.0
