5 2
3.5857864376270716 0.5857864376270716
3.5857864376270716 0.5857864376270716
3.5857864376270716 0.5857864376270716
-9.100505064610145 -12.100505071660955
-2.7573593134915364 -5.757359317016942
0.4142135620677676 -2.585786439694935
1.9999999998474196 -1.0000000010339316
1.9999999998474196 -1.0000000010339316
1.9999999998474196 -1.0000000010339316
2.000000002830766 -0.999999994525181
2.000000001339093 -0.9999999977795563
2.000000000593256 -0.999999999406744
2.000000000220338 -1.0000000002203377
2.000000000220338 -1.0000000002203377
2.000000000220338 -1.0000000002203377
1.9999999993389856 -0.9999999993389872
1.9999999997796618 -0.9999999997796625
1.9999999999999998 -1.0000000000000002
1.9999999999999998 -1.0000000000000002
1.9999999999999998 -1.0000000000000002
2.000000000000002 -0.9999999999999982
2.000000000000001 -0.9999999999999992
2.0000000000000004 -0.9999999999999998
2.0 -1.0
2.0 -1.0
2.0 -1.0
