5 2
1.13034733664631 -1.86965266335369
1.13034733664631 -1.86965266335369
2.2520985863778042 -0.7479014178177248
2.2520985863778042 -0.7479014178177248
1.9269205972382835 -1.0730794011886344
1.9269205972382835 -1.0730794011886344
2.021184565517796 -0.9788154341508163
2.021184565517796 -0.9788154341508163
1.993858928750498 -1.0061410713702499
1.993858928750498 -1.0061410713702499
2.001780199674632 -0.9982198003469709
2.001780199674632 -0.9982198003469709
1.9994839481898343 -1.0005160517898495
1.9994839481898343 -1.0005160517898495
2.0001495952753134 -0.9998504047253691
2.0001495952753134 -0.9998504047253691
1.9999566346889381 -1.0000433653096692
1.9999566346889381 -1.0000433653096692
2.0000125709195027 -0.9999874290811469
2.0000125709195027 -0.9999874290811469
1.9999963558887452 -1.0000036441110205
1.9999963558887452 -1.0000036441110205
2.000001056370337 -0.9999989436296838
2.000001056370337 -0.9999989436296838
1.9999996937749167 -1.0000003062250864
1.9999996937749167 -1.0000003062250864
2.0000000887698186 -0.9999999112301767
2.0000000887698186 -0.9999999112301767
1.9999999742670302 -1.000000025732971
1.9999999742670302 -1.000000025732971
2.000000007459582 -0.9999999925404176
2.000000007459582 -0.9999999925404176
1.999999997837585 -1.0000000021624151
1.999999997837585 -1.0000000021624151
2.00000000062685 -0.99999999937315
2.00000000062685 -0.99999999937315
1.999999999818286 -1.000000000181714
1.999999999818286 -1.000000000181714
2.000000000052676 -0.999999999947324
2.000000000052676 -0.999999999947324
1.99999999998473 -1.00000000001527
1.99999999998473 -1.00000000001527
2.0000000000044267 -0.9999999999955734
2.0000000000044267 -0.9999999999955734
1.9999999999987168 -1.0000000000012832
1.9999999999987168 -1.0000000000012832
2.000000000000372 -0.9999999999996281
2.000000000000372 -0.9999999999996281
1.999999999999892 -1.000000000000108
1.999999999999892 -1.000000000000108
2.000000000000031 -0.9999999999999687
2.000000000000031 -0.9999999999999687
1.999999999999991 -1.000000000000009
1.999999999999991 -1.000000000000009
2.0000000000000027 -0.9999999999999973
2.0000000000000027 -0.9999999999999973
1.9999999999999993 -1.0000000000000007
1.9999999999999993 -1.0000000000000007
2.0000000000000004 -0.9999999999999998
2.0 -1.0000000000000002
2.0 -1.0000000000000002
2.0 -0.9999999999999999
2.0 -1.0
2.0 -1.0
