5 2
0.5000000134110456 -0.9999999850988388
1.9999999985098844 -1.0000000074505806
2.000000000745058 -0.9999999962747098
1.999999999627471 -1.0000000018626451
2.000000000186265 -0.9999999990686774
1.9999999999068676 -1.0000000004656613
2.0000000000465663 -0.9999999997671694
1.9999999999767168 -1.0000000001164153
2.0000000000116414 -0.9999999999417923
1.9999999999941793 -1.0000000000291038
2.00000000000291 -0.9999999999854481
1.999999999998545 -1.000000000007276
2.000000000000728 -0.999999999996362
1.999999999999636 -1.000000000001819
2.000000000000182 -0.9999999999990905
1.999999999999909 -1.0000000000004547
2.0000000000000453 -0.9999999999997726
1.9999999999999774 -1.0000000000001137
2.000000000000011 -0.9999999999999432
1.9999999999999944 -1.0000000000000284
2.000000000000003 -0.9999999999999858
1.9999999999999984 -1.000000000000007
2.000000000000001 -0.9999999999999964
1.9999999999999996 -1.0000000000000018
2.0 -0.9999999999999991
2.0 -1.0000000000000004
2.0 -0.9999999999999998
2.0 -1.0
