5 2
-16.173677410357854 -6.469470964143142
-9.9355482725924 -3.9742193090369593
-5.535279152492183 -2.214111660996873
-2.431404913645748 -0.9725619654582993
-0.24198535142698852 -0.0967941405707955
-0.24198535142698852 -0.0967941405707955
0.7827586029053031 0.3131034407677307
0.4808514284273284 0.192340571092735
0.2678912944426688 0.10715651758083256
0.11767287467446702 0.04706914973136603
0.01171138218554335 0.004684552776577672
0.01171138218554335 0.004684552776577672
-0.037883223500318794 -0.015153289084889658
-0.023271800609100946 -0.009308720050043332
-0.012965153932020138 -0.005186061465014347
-0.005695022438527587 -0.0022780089281415295
-0.0005667965869315429 -0.00022671863019584418
-0.0005667965869315429 -0.00022671863019584418
0.001833437030864746 0.0007333747975412043
0.001126286970039947 0.0004505147789213979
0.0006274754662692881 0.00025099018144095014
0.00027562240130067596 0.00011024895829465724
2.7431294255304004e-05 1.0972517480608294e-05
2.7431294255304004e-05 1.0972517480608294e-05
-8.873298084677699e-05 -3.549319162217478e-05
-5.450898965065125e-05 -2.180359542008993e-05
-3.036797424345211e-05 -1.2147189452153713e-05
-1.3339316728001386e-05 -5.335726583483177e-06
-1.327594276093148e-06 -5.310376997168975e-07
-1.327594276093148e-06 -5.310376997168975e-07
4.2944163106736275e-06 1.7177664895919094e-06
2.6380754033081667e-06 1.0552301400207273e-06
1.4697209838852706e-06 5.878883816860658e-07
6.455838492441699e-07 2.582335344845575e-07
6.425167349057172e-08 2.5700668877392844e-08
6.425167349057172e-08 2.5700668877392844e-08
-2.0783716802242968e-07 -8.313486553067516e-08
-1.2767512071208413e-07 -5.107004725384994e-08
-7.113018975701926e-08 -2.845207532842746e-08
-3.124436692698767e-08 -1.2497746518495061e-08
-3.109592757877629e-09 -1.2438370780409161e-09
-3.109592757877629e-09 -1.2438370780409161e-09
1.005871002869956e-08 4.023483930255178e-09
6.179101790799384e-09 2.4716406664231613e-09
3.4424927930841433e-09 1.376997089435336e-09
1.512135822188181e-09 6.048543166646914e-10
1.5049517926196783e-10 6.019807048953039e-11
1.5049517926196783e-10 6.019807048953039e-11
-4.868120962394037e-10 -1.9472483456472862e-10
-2.9905042366994186e-10 -1.196201670531292e-10
-1.6660656566386627e-10 -6.664262492019007e-11
-7.31829436675074e-11 -2.927317687604715e-11
-7.283525768353685e-12 -2.913410248526916e-12
-7.283525768353685e-12 -2.913410248526916e-12
2.3560279237482397e-11 9.424111504747755e-12
1.4473164373234058e-11 5.789265632425706e-12
8.0632696684446e-12 3.225307802268999e-12
3.5418400683702668e-12 1.4167359987492266e-12
3.525013085380358e-13 1.4100052056983532e-13
3.525013085380358e-13 1.4100052056983532e-13
-1.1402484902078856e-12 -4.560993868796388e-13
-7.004587534286159e-13 -2.801834957177422e-13
-3.902386288769744e-13 -1.5609544840106155e-13
-1.7141468273032538e-13 -6.856587170866354e-14
-1.706003060581285e-14 -6.8240121047490656e-15
-1.706003060581285e-14 -6.8240121047490656e-15
5.5184686324858613e-14 2.207387408428815e-14
3.3900151522492306e-14 1.3560060335171612e-14
1.8886406350153715e-14 7.554562387442094e-15
8.295968448036167e-15 3.318387312091643e-15
8.256555000551738e-16 3.3026219320705915e-16
8.256555000551738e-16 3.3026219320705915e-16
-2.670777141563313e-15 -1.068310832614894e-15
-1.6406680151606975e-15 -6.562671911355525e-16
-9.140467351038844e-16 -3.6561868551890566e-16
-4.015005678106899e-16 -1.6060022312036559e-16
-3.9959307160570694e-17 -1.5983722047757813e-17
-3.9959307160570694e-17 -1.5983722047757813e-17
