5 2
3.1430466182296537 1.2572186472918614
3.1430466182296537 1.2572186472918614
3.1430466182296537 1.2572186472918614
-22.001326321011607 -8.800530636961913
-9.429139851390977 -3.7716559948350254
-3.1430466165806616 -1.257218673771582
8.244960270076263e-10 -1.323986031920299e-08
8.244960270076263e-10 -1.323986031920299e-08
8.244960270076263e-10 -1.323986031920299e-08
1.2945298316050621e-08 4.588709547136934e-08
6.884897171529124e-09 1.6323617576083176e-08
3.854696599268375e-09 1.5418786284400932e-09
3.854696599268375e-09 1.5418786284400932e-09
3.854696599268375e-09 1.5418786284400932e-09
-2.698287614027164e-08 -1.0793150377237867e-08
-1.1564089770501633e-08 -4.625635874398887e-09
-3.854696585616629e-09 -1.5418786229793967e-09
6.825872908091658e-18 2.7303482533379894e-18
6.825872908091658e-18 2.7303482533379894e-18
6.825872908091658e-18 2.7303482533379894e-18
