5 2
4.996883429607871 1.9987533718431483
4.994681055167334 1.997872422074294
4.992883616543168 1.9971534466207652
4.991327549216699 1.9965310196905508
4.989936194057732 1.9959744776206403
4.988666420433891 1.9954665681662398
4.98749113763233 1.9949964550481472
4.986392020242075 1.994556808090464
4.985355990792157 1.994142396314966
4.984373331172797 1.9937493324627442
4.9834365866609405 1.9933746346597983
4.982539890626162 1.9930159562441645
4.981678527960602 1.992671411178146
4.980848641616445 1.992339456645465
4.980047028797459 1.992018811515752
4.97927099544006 1.9917083981696209
4.978518249815805 1.991407299918108
4.977786823154891 1.9911147292551485
4.977075009310019 1.9908300037185684
4.97638131821076 1.9905525272763605
4.9757044393688314 1.9902817757402398
4.975043212992546 1.9900172851908386
4.974396606772292 1.9897586427053835
4.973763697118337 1.9895054788410573
4.973143653730232 1.9892574614838725
4.9725357269644235 1.9890142907750572
4.971939237239656 1.988775694886587
4.971353566219138 1.9885414264807793
4.970778149349279 1.9883112597335288
4.970212469522663 1.9880849878042464
4.969656051688167 1.987862420668971
4.96910845819439 1.9876433832697413
4.9685692848137775 1.987427713918146
4.968038157266723 1.9872152628988107
4.967514728200911 1.9870058912718527
4.966998674555093 1.9867994698138987
4.96648969525508 1.9865958780945077
4.96598750916993 1.9863950036565639
4.965491853298848 1.9861967413064523
4.965002481192001 1.9860009924613462
4.964519161513621 1.9858076645882397
4.964041676791296 1.985616670700809
4.963569822266682 1.985427928889364
4.963103404877096 1.9852413619321736
4.962642242357151 1.9850568969215157
4.962186162397337 1.9848744649399062
4.9617350019067885 1.9846940007431386
4.961288606328469 1.9845154425101876
4.9608468290352645 1.9843387315955783
4.960409530771435 1.984163812290786
4.959976579139274 1.9839906316376055
4.959547848139475 1.9838191392375806
4.959123217734337 1.9836492870749065
4.958702573486764 1.9834810293767928
4.958285806173321 1.983314322450505
4.957872811473457 1.9831491245703576
4.957463489660099 1.9829853958445165
4.957057745324881 1.9828230981114119
4.9566554871206066 1.9826621948321401
4.956256627523054 1.9825026509932147
4.955861082609418 1.9823444330284306
4.9554687718518675 1.9821875087253142
4.9550796179362 1.9820318471591407
4.954693546575712 1.9818774186155064
4.954310486352549 1.9817241945273563
4.953930368569138 1.9815721474140828
4.953553127094146 1.9814212508247266
4.953178698241968 1.9812714792849457
4.952807020641466 1.9811228082451957
4.952438035123735 1.9809752140389092
4.95207168460195 1.9808286738301055
4.951707913991145 1.9806831655861363
4.9513466700905 1.980538668026141
4.950987901500991 1.980395160589726
4.950631558553377 1.9802526234098135
4.95027759320722 1.9801110372722104
4.949925958994582 1.9799703835880096
4.949576610932614 1.9798306443633917
4.949229505475318 1.9796918021795435
4.948884600440782 1.9795538401654764
4.948541854947217 1.979416741968133
4.948201229366485 1.97928049173642
4.94786268527131 1.9791450741000798
4.9475261853771215 1.9790104741415029
4.947191693502276 1.978876677391238
4.946859174513516 1.978743669797758
4.946528594298197 1.9786114377125958
4.94619991971104 1.978479967878293
4.945873118546385 1.9783492474130675
4.945548159482767 1.9782192637863532
4.945225012074702 1.9780900048228907
4.944903646703152 1.9779614586737222
4.9445840345405 1.9778336138096737
4.944266147539588 1.9777064590094635
4.943949958382051 1.977579983346448
4.943635440469993 1.9774541761817013
4.943322567886399 1.9773290271479578
4.943011315387436 1.9772045261474616
4.942701658356185 1.9770806633349605
4.942393572804578 1.9769574291144676
4.942087035327882 1.9768348141231904
4.941782023106111 1.9767128092346302
4.941478513873209 1.9765914055413951
4.941176485894731 1.9764705943496348
4.940875917956671 1.976350367175584
4.940576789346136 1.9762307157331953
4.9402790798407885 1.9761116319312741
4.939982769682915 1.975993107867184
4.939687839566627 1.9758751358208124
4.939394270630641 1.975757708246991
4.939102044436495 1.9756408177717595
4.9388111429610015 1.9755244571817043
4.9385215485792004 1.9754086194277807
4.938233244050718 1.9752932976168103
4.937946212514363 1.97517848500325
4.937660437473257 1.9750641749864584
4.937375902780481 1.974950361109835
4.9370925926355955 1.9748370370513957
4.936810491568998 1.9747241966249633
4.936529584434328 1.974611833771095
4.9362498563991375 1.9744999425568135
4.9359712929352275 1.9743885171702953
4.935693879807965 1.9742775519208153
4.935417603077448 1.9741670412286083
4.935142449074872 1.97405697962677
4.934868404406316 1.9739473617598169
4.934595455944551 1.973838182373975
4.934323590815139 1.9737294363226758
4.934052796396169 1.973621118555419
4.933783060308201 1.9735132241200997
4.933514370410426 1.973405748160397
4.933246714790438 1.9732986859116153
4.9329800817575675 1.973192032698271
4.932714459846178 1.9730857839333897
4.932449837796955 1.972979935112987
4.932186204562515 1.9728744818187587
4.9319235492949804 1.9727694197111008
4.93166186134154 1.9726647445303016
4.931401130247842 1.9725604520929498
4.931141345739739 1.9724565382900265
4.930882497731446 1.972352999085059
4.930624576306426 1.9722498305154932
4.930367571730183 1.9721470286846177
4.930111474435887 1.9720445897662084
4.929856275021575 1.9719425099997325
4.92960196424246 1.971840785688772
4.929348533017724 1.9717394131979449
4.929095972415566 1.971638388957639
4.928844273655223 1.9715377094532542
4.9285934281034605 1.9714373712331026
4.9283434272687225 1.9713373709008633
4.928094262803975 1.9712377051142913
4.927845926491876 1.9711383705885372
4.927598410252096 1.971039364093354
4.927351706137054 1.970940682447337
4.92710580632354 1.970842322521327
4.926860703115327 1.9707442812387639
4.926616388933801 1.970646555565553
4.926372856325492 1.9705491425210329
4.9261300979474845 1.9704520391709024
4.925888106578036 1.9703552426247275
4.925646875102776 1.9702587500349789
4.9254063965170936 1.970162558600528
4.925166663924392 1.970066665564213
4.9249276705308835 1.969971068206046
4.924689409648093 1.969875763852637
4.924451874683095 1.9697807498660536
4.924215059145216 1.9696860236517746
4.923978956638738 1.9695915826505759
4.923743560862096 1.969497424340671
4.923508865608842 1.9694035462383883
4.923274864757111 1.969309945897408
4.92304155227819 1.969216620906585
4.922808922230114 1.9691235688878121
4.922576968750235 1.9690307874967732
4.922345686067249 1.9689382744236927
4.922115068485287 1.968846027391248
4.921885110391996 1.9687540441553457
4.9216558062529945 1.9686623225002529
4.921427150609794 1.968570860243648
4.921199138082818 1.9684796552317911
4.920971763359839 1.9683887053431592
4.9207450212080435 1.9682980084836688
4.920518906461999 1.9682075625861415
4.9202934140256875 1.9681173656111726
4.920068538876734 1.9680274155507607
4.919844276052376 1.9679377104222322
4.9196206206631645 1.9678482482663824
4.919397567879036 1.9677590271525114
4.919175112936398 1.967670045176552
4.918953251135845 1.9675813004564948
4.918731977834464 1.9674927911360518
4.918511288450761 1.9674045153828426
4.918291178466272 1.9673164713893183
4.9180716434179805 1.9672286573696232
4.917852678897308 1.9671410715618938
4.917634280553976 1.9670537122251532
4.917416444093924 1.9669665776416154
4.917199165276723 1.9668796661149497
4.916982439913043 1.9667929759699052
4.916766263870671 1.9667065055519442
4.916550633059746 1.9666202532282124
4.916335543448933 1.966534217384524
4.916120991053903 1.9664483964263537
4.915906971935989 1.9663627887798216
4.915693482209286 1.9662773928887194
4.9154805180329735 1.966192207218142
4.915268075610542 1.9661072302489075
4.915056151191658 1.9660224604811973
4.9148447410714 1.9659378964329377
4.914633841590034 1.965853536639507
4.914423449128128 1.9657693796560425
4.914213560112603 1.9656854240493664
4.914004171010839 1.9656016684080926
4.913795278329492 1.9655181113358637
4.913586878614366 1.9654347514498134
4.913378968457467 1.9653515873867462
4.913171544483513 1.965268617797728
4.91296460335856 1.9651858413478496
4.912758141786823 1.965103256719818
4.91255215650702 1.965020862607337
4.912346644298915 1.9649386577237908
4.912141601976634 1.9648566407956383
4.911937026389125 1.964774810560938
4.911732914423143 1.964693165772932
4.911529262995142 1.9646117052023355
4.911326069059819 1.9645304276270519
4.911123329602548 1.9644493318445444
4.910921041641892 1.9643684166603324
4.910719202231099 1.9642876808953171
4.910517808453113 1.964207123384322
4.910316857424085 1.9641267429721645
4.910116346288926 1.964046538519687
4.9099162722253125 1.963966508894885
4.909716632440751 1.963886652981406
4.909517424172624 1.9638069696746483
4.9093186446848085 1.9637274578791288
4.9091202912721705 1.9636481165132398
4.908922361257684 1.9635689445066131
4.908724851989578 1.9634899407999573
4.908527760848755 1.963411104343677
4.90833108524008 1.9633324341001588
4.908134822593964 1.963253929042392
4.907938970370346 1.9631755881538175
4.907743526053466 1.9630974104269687
4.9075484871529484 1.9630193948669552
4.907353851203452 1.9629415404876867
4.907159615764312 1.962863846312944
4.90696577842111 1.9627863113762396
4.906772336782935 1.9627089347206823
4.906579288482996 1.9626317154000381
4.906386631174485 1.9625546524762045
4.906194362539794 1.9624777450226616
4.906002480277802 1.9624009921183878
4.905810982117363 1.9623243928536909
4.905619865800375 1.9622479463265174
4.9054291290995025 1.9621716516458851
4.905238769804136 1.9620955079270315
4.90504878572673 1.9620195142960224
4.904859174698276 1.9619436698849229
4.904669934573198 1.9618679738340474
4.904481063226243 1.9617924252953596
4.904292558552223 1.961717023426499
4.904104418463405 1.9616417673918576
4.90391664089672 1.9615666563648118
4.903729223802786 1.96149168952761
4.903542165157749 1.961416866070105
4.903355462950489 1.961342185186183
4.9031691151907415 1.9612676460829308
4.902983119909758 1.961193247970123
4.902797475152227 1.9611189900682156
4.902612178984799 1.9610448716013362
4.902427229489868 1.9609708918029516
4.9022426247649085 1.9608970499134715
4.902058362931402 1.9608233451801604
4.90187444212089 1.9607497768559108
4.901690860486653 1.9606763442014419
4.901507616194819 1.9606030464840722
4.901324707430089 1.960529882977636
4.901142132394609 1.960456852963535
4.900959889304142 1.9603839557272578
4.900777976389693 1.9603111905617043
4.900596391900926 1.9602385567659724
4.9004151341023485 1.960166053645282
4.900234201271334 1.9600936805120233
4.900053591701537 1.9600214366845532
4.89987330370181 1.959949321484886
4.899693335596462 1.9598773342431044
4.899513685724638 1.959805474295044
4.8993343524370205 1.959733740979997
4.899155334098791 1.9596621336451054
4.898976629092562 1.9595906516430581
4.898798235811548 1.9595192943309185
4.89862015266384 1.959448061071172
4.898442378071798 1.9593769512338697
4.8982649104674785 1.9593059641932442
4.898087748302624 1.9592350993265544
4.897910890036163 1.959164356019531
4.897734334141558 1.959093733663005
4.897558079106199 1.9590232316484675
4.89738212342907 1.9589528493778785
4.897206465621481 1.9588825862559343
4.8970311042082315 1.9588124416900246
4.896856037724419 1.9587424150967174
4.896681264720957 1.9586725058951595
4.896506783754877 1.95860271350812
4.896332593397882 1.9585330373662753
4.896158692233612 1.9584634769005678
4.895985078857505 1.9583940315497366
4.8958117518758035 1.958324700757013
4.895638709905865 1.9582554839689945
4.895465951575174 1.9581863806366755
4.895293475522516 1.9581173902164706
4.8951212803999935 1.9580485121669478
4.894949364868185 1.957979745955208
4.894777727597324 1.9579110910472055
4.894606367271452 1.9578425469173257
4.894435282582321 1.957774113040865
4.894264472231425 1.9577057889003797
4.8940939349328625 1.9576375739813794
4.893923669408546 1.9575694677712296
4.893753674392768 1.9575014697644106
4.893583948626155 1.9574335794582305
4.893414490861078 1.9573657963517361
4.893245299860265 1.957298119952001
4.893076374395855 1.9572305497656488
4.8929077132472 1.957163085306187
4.89273931520371 1.9570957260897555
4.892571179067681 1.957028471635093
4.892403303646236 1.9569613214666408
4.892235687755428 1.9568942751103178
4.892068330222228 1.9568273320966212
4.891901229882341 1.9567604919605834
4.891734385578452 1.9566937542396516
4.891567796165541 1.9566271184736572
4.891401460503724 1.9565605842089309
4.89123537746026 1.9564941509910079
4.891069545915252 1.9564278183728807
4.890903964754106 1.9563615859077215
4.890738632871178 1.956295453154015
4.890573549169683 1.9562294196724297
4.890408712557908 1.9561634850278429
4.890244121956945 1.9560976487872528
4.890079776291162 1.9560319105207757
4.8899156744946914 1.9559662698036602
4.889751815511752 1.9559007262101171
4.88958819829003 1.9558352793204496
4.889424821786738 1.9557699287179517
4.889261684966085 1.955704673988877
4.8890987868000195 1.9556395147224104
4.888936126268154 1.9555744505096238
4.888773702356477 1.9555094809444666
4.888611514058494 1.9554446056247479
4.888449560374759 1.9553798241510925
4.888287840313606 1.9553151361259056
4.888126352889067 1.9552505411553647
4.887965097122816 1.9551860388493871
4.887804072044907 1.9551216288175808
4.887643276688883 1.9550573106752513
4.887482710097737 1.9549930840393541
4.8873223713198355 1.954928948527473
4.887162259410453 1.9548649037638
4.887002373430517 1.9548009493721048
4.886842712450132 1.9547370849797119
4.886683275540947 1.9546733102164753
4.886524061785653 1.9546096247147549
4.88636507027036 1.9545460281093918
4.8862063000905005 1.9544825200376859
4.88604775034323 1.9544191001383817
4.885889420136486 1.9543557680556052
4.885731308579827 1.954292523432902
4.885573414792284 1.9542293659181607
4.885415737896379 1.954166295159641
4.885258277020836 1.9541033108098957
4.885101031302098 1.9540404125218116
4.8849439998811235 1.9539775999535
4.884787181902163 1.9539148727614069
4.884630576519373 1.9538522306091126
4.8844741828920535 1.9537896731575204
4.884318000182254 1.9537272000736394
4.884162027557858 1.9536648110237254
4.884006264194479 1.95360250567814
4.883850709271119 1.9535402837093792
4.883695361973627 1.9534781447901108
4.88354022149193 1.953416088597044
4.883385287021534 1.9533541148079951
4.883230557762712 1.9532922231047756
4.883076032921994 1.953230413168334
4.882921711711738 1.9531686846845404
4.882767593346609 1.9531070373383732
4.882613677047395 1.9530454708187261
4.882459962042114 1.9529839848164599
4.882306447560965 1.9529225790234244
4.882153132838599 1.952861253134363
4.882000017116378 1.9528000068459341
4.881847099640408 1.9527388398557375
4.881694379661883 1.9526777518642127
4.881541856434366 1.95261674257271
4.881389529218335 1.9525558116853834
4.881237397276569 1.9524949589091714
4.88108545988057 1.9524341839499735
4.880933716302541 1.9523734865183442
4.880782165820668 1.952312866325671
4.880630807716429 1.9522523230841644
4.880479641278335 1.9521918565087377
4.880328665796598 1.952131466316043
4.880177880567254 1.9520711522244565
4.880027284890613 1.952010913954064
4.8798768780693385 1.9519507512247631
4.879726659414058 1.951890663762839
4.879576628235806 1.951830651291538
4.879426783852 1.9517707135376403
4.879277125583777 1.9517108502305012
4.879127652756335 1.9516510611001605
4.878978364697774 1.9515913458763998
4.878829260742806 1.951531704295271
4.878680340228973 1.951472136089738
4.878531602495511 1.9514126409971355
4.8783830468896445 1.9513532187535614
4.878234672758736 1.9512938691013093
4.878086479455836 1.9512345917804834
4.87793846633742 1.951175386533636
4.877790632765951 1.9511162531048263
4.877642978104289 1.9510571912405315
4.87749550172011 1.9509982006868598
4.877348202985501 1.9509392811932376
4.8772010812772955 1.9508804325096236
4.877054135972989 1.9508216543874222
4.876907366455135 1.9507629465803908
4.876760772111678 1.9507043088427876
4.876614352330412 1.950645740930281
4.876468106506298 1.9505872426008555
4.876322034034831 1.9505288136129644
4.87617613431751 1.9504704537264381
4.876030406758145 1.9504121627024729
4.875884850764295 1.9503539403045316
4.875739465745418 1.9502957862974182
4.875594251116125 1.9502377004454463
4.875449206292875 1.9501796825160738
4.87530433069795 1.9501217322780673
4.87515962375361 1.9500638495005853
4.875015084888247 1.9500060339540777
4.874870713532 1.9499482854111807
4.874726509118185 1.949890603645799
4.874582471082904 1.9498329884321925
4.874438598868276 1.9497754395458722
4.874294891916268 1.949717956765393
4.874151349673365 1.9496605398678357
4.874007971588386 1.9496031886333045
4.873864757112461 1.9495459028431137
4.873721705703315 1.949488682278881
4.873578816818423 1.9494315267252111
4.873436089918936 1.949374435966097
4.873293524470373 1.9493174097867074
4.873151119939374 1.949260447974272
4.873008875796185 1.949203550317175
4.872866791514279 1.9491467166040557
4.87272486656819 1.9490899466255844
4.872583100437418 1.9490332401735604
4.87244149260533 1.9489765970400141
4.872300042555583 1.9489200170198666
4.872158749774952 1.9488634999082526
4.872017613752953 1.94880704549963
4.871876633983592 1.9487506535922043
4.87173580996145 1.9486943239834889
4.871595141185906 1.9486380564738361
4.871454627157229 1.9485818508628947
4.871314267379035 1.9485257069522515
4.871174061357909 1.94846962454366
4.871034008604088 1.9484136034416741
4.870894108626169 1.94835764345012
4.87075436093953 1.9483017443756048
4.870614765061735 1.9482459060248725
4.870475320511466 1.9481901282048002
4.870336026810962 1.9481344107241436
4.870196883482148 1.9480787533935267
4.870057890054659 1.9480231560219377
4.869919046056737 1.9479676184228387
4.869780351018706 1.9479121404080446
4.8696418044764425 1.9478567217912088
4.869503405967169 1.9478013623869428
4.869365155028399 1.9477460620108094
4.869227051201054 1.9476908204801837
4.8690890940297855 1.9476356376116417
4.868951283060878 1.947580513223559
4.868813617842233 1.947525447136101
4.868676097923354 1.9474704391694828
4.868538722858789 1.9474154891439677
4.868401492203617 1.947360596882451
4.86826440551654 1.9473057622069998
4.868127462356765 1.9472509849422976
4.867990662285023 1.9471962649130503
4.8678540048663095 1.9471416019457024
4.867717489667798 1.9470869958658514
4.867581116256767 1.9470324465016795
4.867444884205051 1.94697795368137
4.867308793086615 1.9469235172339612
4.867172842475146 1.9468691369893392
4.867037031948834 1.9468148127790876
4.866901361086249 1.9467605444347706
4.866765829470769 1.9467063317879307
4.8666304366830575 1.9466521746734935
4.8664951823112785 1.9465980729254968
4.8663600659418815 1.946544026377942
4.866225087165717 1.9464900348673404
4.866090245574618 1.946436098230154
4.8659555407610515 1.9463822163044902
4.865820972321498 1.9463283889292449
4.8656865398544005 1.9462746159424058
4.865552242958458 1.9462208971844346
4.865418081235661 1.9461672324948767
4.865284054290259 1.946113621716581
4.865150161728412 1.946060064692314
4.865016403155814 1.946006561263073
4.864882778183081 1.9459531112739799
4.8647492864213495 1.9458997145692198
4.8646159274829435 1.9458463709945626
4.86448270098472 1.945793080395676
4.864349606542349 1.945739842618962
4.864216643775332 1.9456866575123897
4.86408381230431 1.9456335249238137
4.863951111750383 1.9455804447018084
4.863818541740113 1.945527416697333
4.863686101897825 1.9454744407603846
4.863553791851608 1.9454215167416644
4.863421611231301 1.9453686444934084
4.863289559667147 1.9453158238677137
4.863157636794113 1.9452630547182006
4.863025842245549 1.9452103368983436
4.862894175658509 1.9451576702631292
4.86276263667107 1.9451050546682198
4.862631224923653 1.945052489969121
4.86249994005802 1.9449999760228347
4.862368781716266 1.944947512686199
4.862237749545109 1.9448950998175383
4.862106843189602 1.9448427372750055
4.861976062298406 1.9447904249190544
4.861845406521465 1.944738162609135
4.861714875510661 1.944685950204517
4.861584468918811 1.9446337875684017
4.861454186401629 1.9445816745621534
4.861324027615092 1.9445296110477681
4.861193992217722 1.944477596888689
4.861064079866975 1.9444256319481605
4.860934290225782 1.9443737160916836
4.860804622955663 1.9443218491845518
4.860675077722276 1.9442700310910337
4.8605456541898535 1.9442182616776404
4.860416352027397 1.9441665408122992
4.86028717090149 1.9441148683619036
4.860158110482809 1.944063244195571
4.8600291704451335 1.9440116681805661
4.859900350459481 1.94396014018637
4.859771650201251 1.9439086600830457
4.859643069346321 1.9438572277412358
4.859514607573949 1.9438058430321574
4.85938626456126 1.94375450582679
4.859258039989066 1.943703215998301
4.859129933539594 1.9436519734179951
4.859001944897121 1.9436007779609732
4.858874073745374 1.9435496295004684
4.858746319770119 1.9434985279102697
4.85861868266043 1.94344747306633
4.858491162103852 1.9433964648435378
4.858363757790577 1.9433455031189355
4.858236469414079 1.943294587768497
4.858109296665317 1.9432437186687355
4.8579822392404415 1.9431928956991062
4.857855296835002 1.9431421187363853
4.857728469144264 1.9430913876602822
4.85760175586865 1.9430407023502287
4.857475156707322 1.9429900626861774
4.8573486713610565 1.9429394685477994
4.857222299532238 1.9428889198168788
4.857096040924849 1.9428384163741146
4.856969895244458 1.942787958102309
4.856843862195989 1.942737544883176
4.856717941486893 1.9426871765997287
4.856592132826825 1.9426368531362739
4.856466435925726 1.942586574376025
4.856340850495086 1.9425363402034839
4.856215376246988 1.942486150504435
4.8560900128947315 1.9424360051635643
4.855964760153146 1.9423859040660438
4.855839617738265 1.9423358471006926
4.855714585368898 1.9422858341528513
4.855589662763148 1.9422358651099194
4.85546484963935 1.9421859398605583
4.855340145719546 1.9421360582923213
4.855215550726937 1.9420862202948057
4.8550910643833705 1.9420364257572849
4.854966686414365 1.9419866745694938
4.854842416544069 1.941936966621627
4.854718254500605 1.9418873018043354
4.85459420001134 1.9418376800087234
4.854470252806965 1.9417881011263467
4.854346412615218 1.9417385650492096
4.854222679169338 1.9416890716705446
4.854099052201163 1.9416396208832438
4.853975531444262 1.94159021258064
4.8538521166332975 1.9415408466557234
4.853728807504643 1.9414915230034817
4.853605603793261 1.941442241519334
4.853482505238929 1.941393002098349
4.853359511581872 1.941343804635246
4.85323662255995 1.9412946490267262
4.853113837915818 1.9412455351683586
4.852991157391313 1.9411964629584635
4.85286858072932 1.9411474322942246
4.852746107675933 1.941098443072467
4.852623737973939 1.941049495191979
4.852501471371182 1.941000588550412
4.852379307616214 1.9409517230481466
4.852257246456129 1.940902898583649
4.852135287641194 1.9408541150573353
4.852013430921754 1.9408053723692507
4.851891676050384 1.9407566704198398
4.851770022777879 1.9407080091107147
4.851648470858487 1.9406593883431118
4.851527020048665 1.9406108080186601
4.851405670101539 1.9405622680393797
4.851284420774591 1.9405137683092144
4.8511632718253415 1.9404653087294224
4.851042223013192 1.9404168892039495
4.850921274096965 1.9403685096371217
4.850800424836739 1.9403201699328778
4.8506796749935335 1.9402718699962993
4.8505590243305345 1.9402236097313135
4.850438472612466 1.94017538904375
4.850318019601316 1.9401272078390457
4.850197665063048 1.940079066023769
4.850077408763628 1.9400309635033308
4.849957250470848 1.9399829001857927
4.849837189952189 1.939934875978055
4.84971722697573 1.9398868907873799
4.849597361312575 1.9398389445221482
4.849477592732593 1.9397910370895788
4.84935792100715 1.939743168399523
4.849238345909403 1.939695338359909
4.849118867212174 1.9396475468805328
4.848999484688856 1.9395997938715384
4.848880198115829 1.939552079241904
4.848761007270031 1.9395044029032222
4.848641911926238 1.9394567647666712
4.8485229118631015 1.9394091647415068
4.848404006860119 1.9393616027403437
4.848285196696126 1.9393140786746257
4.848166481150797 1.9392665924561332
4.848047860005852 1.9392191439977335
4.8479293330429325 1.9391717332118743
4.847810900044812 1.939124360012836
4.8476925607950845 1.9390770243129751
4.847574315079663 1.9390297260264764
4.84745616268317 1.9389824650678495
4.847338103390744 1.9389352413504295
4.847220136990419 1.93888805479012
4.847102263269536 1.9388409053008995
4.846984482015635 1.9387937927993089
4.846866793019139 1.9387467172014565
4.846749196070957 1.9386996784215274
4.846631690960994 1.9386526763777507
4.846514277481126 1.9386057109856842
4.846396955424005 1.9385587821626868
4.8462797245827565 1.938511889826425
4.846162584751866 1.9384650338941283
4.846045535727178 1.9384182142840747
4.845928577302324 1.9383714309148454
4.845811709275551 1.9383246837038395
4.845694931442296 1.938277972570241
4.845578243600821 1.9382312974335325
4.845461645550722 1.9381846582127527
4.845345137090557 1.9381380548294556
4.845228718021396 1.938091487201791
4.845112388143856 1.9380449552511587
4.844996147259578 1.9379984588970343
4.844879995170633 1.9379519980621345
4.844763931680696 1.9379055726657763
4.844647956592979 1.9378591826305132
4.844532069712883 1.9378128278777091
4.8444162708444525 1.937766508330484
4.844300559794795 1.937720223910768
4.844184936369661 1.9376739745407732
4.844069400377262 1.937627760144459
4.8439539516247425 1.9375815806438614
4.843838589921992 1.937535435962761
4.843723315079 1.9374893260252124
4.843608126905267 1.9374432507555437
4.8434930252106865 1.9373972100776233
4.843378009807873 1.9373512039163223
4.8432630805089465 1.9373052321967807
4.843148237126989 1.9372592948444063
4.843033479476042 1.9372133917834147
4.84291880736935 1.937167522941204
4.842804220622569 1.9371216882417928
4.842689719052011 1.9370758876131036
4.8425753024731835 1.9370301209811365
4.842460970701958 1.9369843882728786
4.842346723557177 1.93693868941485
4.8422325608571635 1.9368930243345541
4.842118482420301 1.936847392959751
4.842004488066481 1.9368017952184546
4.8418905776165175 1.9367562310382083
4.841776750890407 1.9367107003475326
4.841663007710512 1.9366652030751985
4.841549347897794 1.9366197391495041
4.841435771275859 1.9365743085004412
4.8413222776672 1.9365289110568042
4.84120886689608 1.936483546748356
4.84109553878795 1.9364382155051039
4.840982293167142 1.9363929172565784
4.840869129859455 1.936347651933993
4.840756048692449 1.9363024194673628
4.840643049492551 1.9362572197876624
4.840530132087654 1.9362120528261053
4.840417296304805 1.9361669185134247
4.840304541973943 1.936121816781309
4.840191868925018 1.9360767475616818
4.840079276988281 1.9360317107867004
4.839966765993992 1.9359867063880396
4.839854335771846 1.935941734299038
4.839741986154692 1.9358967944518333
4.839629716975383 1.9358518867802235
4.839517528067338 1.9358070112168055
4.839405419262836 1.9357621676951189
4.839293390397005 1.9357173561489287
4.839181441304963 1.9356725765115133
4.839069571820966 1.9356278287178001
4.838957781781251 1.9355831127015155
4.838846071021758 1.9355384283980308
4.838734439379263 1.935493775741516
4.838622886691948 1.9354491546670727
4.838511412798821 1.935404565109311
4.838400017537166 1.9353600070044787
4.838288700746796 1.9353154802883303
4.838177462266361 1.9352709848961278
4.838066301938166 1.9352265207647645
4.837955219601932 1.9351820878306387
4.837844215097919 1.9351376860289482
4.8377332882700195 1.9350933152979297
4.837622438959549 1.9350489755739109
4.83751166700863 1.9350046667941352
4.837400972262444 1.9349603888953504
4.837290354564437 1.934916141815922
4.837179813759135 1.9348719254937166
4.837069349690735 1.9348277398668066
4.83695896220676 1.9347835848727664
4.836848651152146 1.9347394604507804
4.836738416372623 1.9346953665395326
4.836628257716949 1.9346513030772068
4.8365181750321415 1.934607270002891
4.836408168166278 1.9345632672565733
4.836298236967374 1.9345192947770398
4.836188381286182 1.934475352503975
4.836078600971147 1.9344314403779608
4.8359688958731635 1.9343875583390746
4.835859265841938 1.9343437063268913
4.835749710729897 1.9342998842818795
4.835640230387719 1.9342560921453988
4.8355308246668445 1.9342123298576064
4.835421493421422 1.9341685973595488
4.8353122365032934 1.9341248945924643
4.835203053766723 1.9340812214977805
4.8350939450658945 1.9340375780178103
4.834984910256014 1.9339939640936632
4.834875949190813 1.9339503796673325
4.834767061726158 1.933906824680998
4.8346582477180995 1.9338632990777191
4.834549507022322 1.9338198027993523
4.8344408394974625 1.9337763357893252
4.834332244999568 1.9337328979898625
4.834223723386527 1.9336894893447567
4.834115274515854 1.9336461097965978
4.834006898248003 1.93360275928954
4.833898594441388 1.9335594377672254
4.833790362955426 1.9335161451734755
4.833682203650532 1.9334728814509106
4.8335741163878385 1.9334296465450884
4.833466101027267 1.9333864404010523
4.833358157430556 1.933343262961955
4.833250285459608 1.9333001141738784
4.833142484977311 1.9332569939810142
4.833034755846436 1.9332139023284163
4.83292709792936 1.933170839161311
4.832819511089993 1.9331278044257834
4.832711995192396 1.9330847980674029
4.832604550101605 1.933041820030538
4.832497175682807 1.9329988702624703
4.832389871800239 1.9329559487099632
4.832282638319658 1.9329130553178948
4.832175475108058 1.9328701900333642
4.832068382032304 1.932827352802953
4.831961358959127 1.9327845435740918
4.831854405756766 1.9327417622930108
4.8317475222916855 1.9326990089067873
4.831640708432672 1.9326562833633452
4.831533964048917 1.9326135856100883
4.831427289009476 1.9325709155939028
4.831320683184076 1.9325282732638789
4.831214146441491 1.9324856585672254
4.8311076786538845 1.9324430714519922
4.831001279690828 1.9324005118663892
4.830894949423923 1.9323579797594639
4.830788687724621 1.9323154750797429
4.830682494465311 1.9322729977759099
4.830576369516873 1.9322305477968058
4.830470312754105 1.9321881250914277
4.83036432404867 1.9321457296089284
4.830258403274783 1.9321033612999685
4.830152550306233 1.9320610201126565
4.830046765017462 1.9320187059972833
4.829941047283296 1.9319764189036168
4.829835396979479 1.9319341587815768
4.829729813980244 1.9318919255819094
4.829624298162899 1.9318497192548365
4.829518849402431 1.9318075397507302
4.8294134675755505 1.9317653870201124
4.829308152559876 1.9317232610136539
4.82920290423259 1.9316811616828466
4.829097722471779 1.9316390889786568
4.828992607154289 1.9315970428515261
4.828887558160016 1.9315550232540581
4.828782575367339 1.9315130301369872
4.828677658656343 1.9314710634525347
4.828572807905595 1.931429123151726
4.828468022995364 1.9313872091877404
4.82836330380574 1.9313453215118905
4.828258650217974 1.931303460076302
4.828154062113133 1.931261624833911
4.828049539371305 1.9312198157371263
4.827945081875869 1.9311780327391654
4.8278406895089505 1.9311362757920505
4.827736362152488 1.9310945448492787
4.827632099688772 1.931052839864485
4.827527902001504 1.9310111607901104
4.827423768975793 1.9309695075793998
4.827319700493632 1.930927880186402
4.827215696439751 1.9308862785646366
4.827111756698954 1.930844702667759
4.827007881154788 1.9308031524502256
4.826904069694329 1.930761627865962
4.826800322202861 1.9307201288690294
4.826696638565208 1.9306786554136228
4.826593018669179 1.9306372074553966
4.8264894624 1.9305957849481485
4.826385969646406 1.9305543878464724
4.826282540294018 1.930513016105755
4.826179174231169 1.930471669680853
4.826075871346514 1.9304303485260923
4.8259726315277165 1.9303890525985727
4.825869454663024 1.9303477818528803
4.825766340641536 1.9303065362443905
4.825663289352938 1.930265315728608
4.825560300686442 1.9302241202618249
4.825457374532371 1.9301829497998009
4.825354510779783 1.9301418042990814
4.8252517093204235 1.9301006837150216
4.825148970045298 1.9300595880050764
4.8250462928441475 1.9300185171248525
4.824943677610181 1.9299774710313968
4.824841124235076 1.9299364496812235
4.824738632610034 1.9298954530316261
4.824636202628663 1.9298544810387104
4.8245338341822555 1.9298135336600162
4.824431527165818 1.9297726108532052
4.824329281470992 1.9297317125754054
4.824227096992866 1.9296908387838667
4.824124973624473 1.929649989436614
4.824022911259934 1.929609164491138
4.823920909795238 1.92956836390505
4.823818969124055 1.9295275876367335
4.823717089141925 1.9294868356440378
4.8236152697438985 1.929446107884931
4.823513510827406 1.929405404318803
4.823411812287305 1.9293647249025538
4.823310174019788 1.929324069595807
4.82320859592186 1.9292834383569994
4.823107077891854 1.9292428311446848
4.823005619825533 1.929202247918182
4.822904221620768 1.9291616886362757
4.822802883175196 1.929121153258514
4.82270160438726 1.9290806417432613
4.822600385154907 1.9290401540509425
4.822499225378962 1.9289996901401496
4.8223981249569015 1.9289592499708845
4.822297083787779 1.9289188335032612
4.822196101771446 1.9288784406968573
4.822095178807516 1.9288380715113627
4.82199431479769 1.928797725907225
4.8218935096411 1.928757403844356
4.8217927632381885 1.9287171052834235
4.821692075490447 1.928676830183914
4.821591446300158 1.9286365785073594
4.821490875567551 1.9285963502147545
4.821390363194418 1.928556145265269
4.821289909082821 1.928515963620759
4.821189513136637 1.9284758052418989
4.8210891752571765 1.9284356700901146
4.820988895348336 1.928395558126295
4.820888673312217 1.928355469311436
4.820788509052473 1.9283154036079238
4.820688402473537 1.9282753609763232
4.82058835347856 1.9282353413785889
4.820488361973011 1.9281953447767795
4.820388427861334 1.9281553711317754
4.820288551046698 1.9281154204058437
4.820188731435604 1.9280754925613544
4.820088968932248 1.92803558756014
4.819989263443135 1.927995705364776
4.81988961487451 1.9279558459373003
4.8197900231318505 1.9279160092404917
4.81969048812191 1.9278761952365917
4.819591009751184 1.9278364038879436
4.819491587926165 1.9277966351582674
4.819392222554106 1.927756889008832
4.819292913542257 1.9277171654035568
4.819193660798369 1.9276774643058232
4.819094464230443 1.9276377856784745
4.818995323745963 1.927598129484453
4.818896239254693 1.9275584956880722
4.818797210664355 1.9275188842518352
4.818698237883423 1.9274792951396142
4.818599320822392 1.9274397283153792
4.818500459389206 1.927400183741927
4.818401653494591 1.9273606613834209
4.818302903048241 1.9273211612047538
4.818204207959078 1.927281683169646
4.818105568138544 1.9272422272419134
4.818006983497305 1.9272027933854683
4.81790845394601 1.9271633815655824
4.817809979395544 1.9271239917457244
4.81771155975728 1.9270846238907218
4.817613194943837 1.9270452779648644
4.817514884865791 1.9270059539337976
4.817416629434965 1.9269666517613662
4.817318428564673 1.9269273714127697
4.817220282166188 1.9268881128539304
4.8171221901532855 1.9268488760489706
4.817024152439211 1.9268096609627359
4.816926168935423 1.926770467561422
4.816828239556631 1.9267312958100558
4.816730364216259 1.926692145673756
4.816632542828209 1.92665301711836
4.816534775306106 1.9266139101104227
4.816437061565806 1.9265748246140764
4.816339401520376 1.9265357605960547
4.816241795085866 1.9264967180219246
4.816144242175789 1.9264576968579685
4.816046742706385 1.926418697069931
4.815949296593362 1.9263797186248968
4.8158519037506435 1.9263407614875339
4.815754564095627 1.9263018256263524
4.815657277544174 1.926262911006196
4.815560044013613 1.9262240175938712
4.815462863418988 1.9261851453562708
4.81536573567731 1.9261462942597491
4.8152686607068 1.92610746427137
4.815171638424145 1.9260686553576594
4.815074668745748 1.9260298674864746
4.814977751589968 1.9259911006245114
4.814880886875127 1.9259523547385498
4.814784074518509 1.9259136297960768
4.814687314439851 1.9258749257640413
4.814590606556112 1.9258362426107194
4.81449395078595 1.9257975803026048
4.814397347049476 1.925758938808139
4.814300795265513 1.9257203180946034
4.814204295353092 1.925681718129362
4.814107847231946 1.9256431388811017
4.814011450821762 1.9256045803167305
4.813915106041937 1.9255660424050975
4.813818812812813 1.9255275251138937
4.813722571055679 1.925489028410891
4.813626380691031 1.9254505522645613
4.813530241638331 1.9254120966434565
4.813434153819468 1.9253736615162076
4.81333811715554 1.925335246850908
4.813242131568831 1.9252968526163476
4.813146196979847 1.9252584787801614
4.813050313311514 1.9252201253125318
4.812954480484239 1.9251817921812515
4.812858698421091 1.9251434793560414
4.812762967044596 1.9251051868054676
4.812667286276978 1.92506691449879
4.812571656040906 1.9250286624041149
4.812476076260468 1.924990430492087
4.8123805468572405 1.9249522187315822
4.81228506775594 1.9249140270903244
4.8121896388795085 1.924875855539801
4.812094260151817 1.924837704048503
4.811998931496922 1.9247995725862261
4.811903652839564 1.9247614611228412
4.81180842410295 1.9247233696282937
4.811713245212441 1.9246852980719915
4.811618116092599 1.9246472464240298
4.811523036668175 1.9246092146539664
4.811428006864107 1.9245712027320452
4.8113330266055145 1.9245332106285835
4.811238095818438 1.9244952383133616
4.811143214427388 1.9244572857574547
4.8110483823595045 1.9244193529301787
4.810953599540152 1.9243814398027548
4.810858865895855 1.9243435463452552
4.810764181353562 1.9243056725278256
4.810669545838696 1.924267818321903
4.810574959278807 1.924229983698386
4.810480421600654 1.9241921686270271
4.810385932731414 1.9241543730794768
4.8102914925979565 1.9241165970262395
4.8101971011287885 1.924078840438499
4.8101027582504035 1.9240411032875093
4.810008463891417 1.9240033855439873
4.809914217979647 1.9239656871787205
4.8098200204430865 1.9239280081637806
4.8097258712108735 1.9238903484707013
4.809631770210622 1.923852708070479
4.8095377173715725 1.9238150869347863
4.809443712622655 1.9237774850353642
4.809349755892727 1.9237399023434167
4.809255847110818 1.9237023388308225
4.809161986207098 1.9236647944689227
4.809068173111177 1.9236272692303364
4.808974407752354 1.923589763086541
4.808880690060579 1.9235522760090822
4.80878701996573 1.9235148079707802
4.808693397397852 1.9234773589439185
4.808599822288365 1.9234399289002437
4.808506294567645 1.923402517812173
4.80841281416624 1.9233651256521889
4.8083193810158225 1.9233277523916361
4.808225995046546 1.9232903980037324
4.8081326561899305 1.9232530624611581
4.808039364377903 1.9232157457366594
4.8079461195415885 1.923178447801845
4.807852921612758 1.9231411686307933
4.807759770524065 1.9231039081952437
4.807666666207601 1.923066666468802
4.807573608595142 1.9230294434233381
4.807480597619102 1.9229922390331855
4.807387633212775 1.922955053270942
4.807294715307697 1.92291788610927
4.80720184383772 1.9228807375208954
4.8071090187354155 1.9228436074798056
4.807016239935429 1.9228064959594517
4.806923507369452 1.9227694029327496
4.806830820971963 1.9227323283738733
4.806738180676642 1.9226952722558641
4.806645586416845 1.9226582345518257
4.806553038127757 1.9226212152361186
4.806460535742089 1.9225842142819705
4.806368079195095 1.922547231663268
4.80627566842218 1.9225102673539587
4.806183303356757 1.9224733213274556
4.806090983934538 1.9224363935578288
4.805998710088763 1.9223994840198042
4.8059064817568755 1.9223625926863825
4.80581429887266 1.9223257195324104
4.805722161371478 1.9222888645327936
4.805630069189558 1.9222520276601203
4.805538022262561 1.9222152088894162
4.805446020527248 1.922178408195172
4.805354063918156 1.9221416255513446
4.80526215237234 1.9221048609331366
4.8051702858260565 1.9220681143146232
4.805078464215472 1.9220313856705313
4.804986687478084 1.9219946749750543
4.804894955549401 1.9219579822036283
4.804803268366977 1.9219213073305639
4.804711625868982 1.9218846503314126
4.804620027991361 1.9218480111806007
4.804528474672101 1.9218113898526128
4.804436965848384 1.921774786323173
4.804345501457773 1.9217382005668806
4.804254081439152 1.9217016325595737
4.804162705729897 1.9216650822753758
4.804071374267997 1.921628549690238
4.803980086991347 1.9215920347795776
4.803888843838219 1.921555537518279
4.803797644747731 1.9215190578824606
4.803706489658673 1.9214825958471193
4.8036153785104405 1.9214461513873085
4.803524311240454 1.9214097244799015
4.803433287789095 1.921373315099475
4.803342308094999 1.921336923222424
4.803251372098588 1.9213005488240238
4.80316047973807 1.921264191879605
4.803069630953435 1.921227852366314
4.8029788256845745 1.921191530259004
4.802888063872218 1.9211552255343427
4.802797345456295 1.9211189381672933
4.802706670376398 1.921082668135217
4.8026160385729595 1.9210464154131859
4.802525449985844 1.921010179978082
4.80243490455669 1.920973961806256
4.802344402226094 1.920937760874111
4.802253942935492 1.920901577157519
4.802163526624812 1.9208654106335743
4.802073153235988 1.9208292612776707
4.8019828227096815 1.9207931290670077
4.8018925349885535 1.9207570139782528
4.801802290013761 1.9207209159881256
4.801712087726592 1.9206848350728147
4.8016219280687 1.9206487712097273
4.801531810983031 1.9206127243751563
4.801441736410795 1.920576694546029
4.8013517042944995 1.920540681699324
4.801261714575846 1.9205046858120716
4.801171767198062 1.9204687068607713
4.8010818621038025 1.9204327448231369
4.800991999236548 1.9203967996763511
4.800902178537584 1.9203608713964861
4.800812399950873 1.920324959961407
4.800722663419115 1.9202890653484481
4.800632968886293 1.9202531875355744
4.800543316295821 1.92021732649964
4.800453705590771 1.9201814822175503
4.800364136714342 1.9201456546668396
4.800274609611016 1.920109843825671
4.8001851242249325 1.9200740496710986
4.800095680499199 1.9200382721813836
4.800006278378897 1.9200025113336787
4.799916917808072 1.9199667671051865
4.799827598730662 1.9199310394743145
4.7997383210921125 1.9198953284189404
4.79964908483568 1.9198596339164133
4.799559889907745 1.9198239559452852
4.7994707362520375 1.9197882944824252
4.799381623814023 1.9197526495070576
4.799292552538826 1.9197170209967247
4.799203522371458 1.9196814089295933
4.799114533257745 1.919645813284453
4.799025585142936 1.9196102340384138
4.7989366779724 1.9195746711697852
4.798847811692316 1.9195391246574982
4.798758986248748 1.9195035944805305
4.798670201587188 1.9194680806156075
4.798581457654166 1.919432583042375
4.798492754394947 1.9193971017388018
4.79840409175744 1.9193616366834776
4.7983154696866865 1.9193261878556114
4.798226888130135 1.9192907552327383
4.798138347033747 1.9192553387941598
4.79804984634566 1.9192199385186495
4.7979613860109165 1.9191845543850268
4.797872965977425 1.9191491863721564
4.797784586193205 1.9191138344583767
4.7976962466050175 1.9190784986232154
4.797607947159963 1.919043178845102
4.797519687805028 1.919007875103082
4.797431468488912 1.9189725873768178
4.797343289158825 1.9189373156448737
4.797255149762088 1.9189020598864297
4.797167050247734 1.9188668200807106
4.79707899056308 1.9188315962069855
4.796990970657379 1.9187963882445676
4.796902990477254 1.9187611961728137
4.7968150499719515 1.9187260199711251
4.796727149090596 1.9186908596183776
4.796639287781509 1.9186557150940597
4.796551465993123 1.918620586378842
4.796463683673981 1.9185854734511616
4.796375940773639 1.9185503762906382
4.796288237240855 1.9185152948780697
4.796200573024495 1.918480229191457
4.796112948074667 1.9184451792111166
4.796025362340221 1.918410144917406
4.795937815771479 1.9183751262895914
4.795850308316373 1.9183401233081154
4.795762839925661 1.918305135952329
4.795675410549529 1.9182701642021929
4.795588020138037 1.918235208037143
4.795500668640449 1.9182002674377905
4.795413356006585 1.9181653423842218
4.795326082187726 1.9181304328565647
4.795238847134579 1.9180955388355543
4.795151650796371 1.918060660300271
4.795064493124244 1.9180257972315327
4.7949773740685355 1.9179909496090684
4.794890293580592 1.9179561174137778
4.794803251611184 1.9179213006260367
4.794716248110959 1.9178864992262619
4.794629283031792 1.9178517131943469
4.794542356324085 1.9178169425113538
4.794455467938789 1.9177821871578211
4.794368617828311 1.9177474471137648
4.7942818059440295 1.9177127223598043
4.79419503223765 1.917678012877162
4.794108296659852 1.9176433186465374
4.794021599163891 1.9176086396481076
4.793934939700422 1.917573975863214
4.793848318221998 1.917539327271552
4.793761734680597 1.9175046938551037
4.793675189028971 1.9174700755942056
4.793588681218844 1.9174354724697953
4.793502211202489 1.9174008844634103
4.793415778933177 1.9173663115555055
4.793329384362926 1.917331753727136
4.793243027445423 1.917297210959955
4.793156708131763 1.9172626832350952
4.79307042637672 1.9172281705331673
4.792984182131807 1.9171936728348216
4.792897975350648 1.917159190122425
4.792811805986291 1.9171247223772634
4.792725673992775 1.9170902695801024
4.79263957932289 1.9170558317123045
4.792553521930865 1.9170214087552706
4.792467501768787 1.9169870006904393
4.792381518792412 1.9169526074998444
4.792295572953796 1.9169182291644422
4.792209664207318 1.916883865665784
4.792123792506785 1.916849516986016
4.7920379578067624 1.9168151831056501
4.791952160061242 1.9167808640080206
4.7918663992249755 1.9167465596731577
4.791780675251028 1.9167122700839119
4.791694988095447 1.9166779952215014
4.79160933771126 1.9166437350677374
4.7915237240538096 1.9166094896050236
4.791438147078528 1.916575258814689
4.7913526067384975 1.9165410426792093
4.791267102989777 1.9165068411799873
4.79118163578785 1.9164726542990163
4.791096205087623 1.9164384820183262
4.791010810843429 1.9164043243205375
4.790925453011243 1.9163701811877516
4.790840131546243 1.916336052601552
4.790754846403254 1.9163019385441125
4.790669597538739 1.9162678389981955
4.790584384907701 1.9162337539460457
4.79049920846678 1.9161996833699426
4.790414068171378 1.9161656272516487
4.790328963976763 1.9161315855740675
4.790243895839617 1.9160975583195845
4.790158863715828 1.9160635454706205
4.790073867562251 1.9160295470090791
4.789988907334506 1.915995562918003
4.789903982988521 1.9159615931793659
4.789819094481632 1.9159276377768306
4.78973424176972 1.9158936966924403
4.789649424810073 1.915859769908273
4.789564643558965 1.9158258574080935
4.789479897973193 1.9157919591740489
4.789395188009863 1.9157580751883205
4.789310513625503 1.9157242054347747
4.78922587477783 1.9156903498956612
4.789141271423762 1.9156565085543633
4.7890567035198615 1.9156226813931987
4.788972171024537 1.9155888683950686
4.788887673894301 1.915555069543457
4.788803212087507 1.9155212848207828
4.788718785561275 1.9154875142105967
4.788634394273685 1.915453757695385
4.788550038181147 1.915420015258216
4.788465717243223 1.9153862868827392
4.788381431416268 1.9153525725520886
4.7882971806589145 1.9153188722494316
4.7882129649298735 1.915285185957968
4.788128784186843 1.9152515136603836
4.788044638387604 1.915217855341038
4.787960527491114 1.915184210982682
4.787876451455534 1.9151505805681
4.787792410239982 1.9151169640817476
4.787708403802345 1.915083361506474
4.787624432101027 1.9150497728257065
4.78754049509517 1.9150161980234506
4.787456592743556 1.9149826370826522
4.787372725005486 1.9149490899873802
4.7872888918394665 1.9149155567206448
4.787205093204084 1.9148820372665785
4.787121329059093 1.9148485316087998
4.787037599363457 1.9148150397304147
4.7869539040768725 1.9147815616156498
4.786870243158458 1.9147480972487625
4.786786616568283 1.9147146466129532
4.786703024265188 1.9146812096914543
4.786619466208747 1.9146477864686169
4.786535942359044 1.9146143769288224
4.786452452676675 1.9145809810553969
4.7863689971194905 1.9145475988327831
4.786285575648674 1.9145142302443696
4.786202188224402 1.914480875275203
4.786118834806492 1.9144475339081903
4.786035515355705 1.9144142061278973
4.785952229830713 1.9143808919178351
4.785868978193512 1.9143475912631713
4.785785760403142 1.9143143041474782
4.785702576421751 1.9142810305549
4.785619426208314 1.9142477704696115
4.785536309724045 1.9142145238758173
4.785453226930451 1.9141812907582927
4.7853701777875965 1.9141480711007617
4.78528716225584 1.9141148648875188
4.785204180297127 1.9140816721039684
4.785121231871746 1.9140484927339239
4.785038316941359 1.9140153267617686
4.784955435466618 1.9139821741719152
4.784872587408469 1.9139490349488062
4.784789772728792 1.9139159090769133
4.784706991388461 1.9138827965412764
4.784624243349717 1.9138496973258863
4.784541528574444 1.9138166114158413
4.784458847022657 1.913783538795191
4.784376198657246 1.913750479449091
4.784293583439879 1.9137174333621871
4.784211001332299 1.9136844005191544
4.784128452296961 1.9136513809046964
4.784045936295104 1.9136183745040827
4.783963453288472 1.9135853813015367
4.783881003239948 1.9135524012823848
4.783798586110988 1.9135194344309079
4.783716201864404 1.9134864807324887
4.783633850462436 1.9134535401720014
4.783551531868036 1.9134206127343485
4.783469246042942 1.9133876984039249
4.7833869929493895 1.9133547971667608
4.783304772550542 1.9133219090073073
4.783222584809631 1.913289033910579
4.783140429689317 1.9132561718621535
4.783058307151472 1.9132233228471007
4.782976217159749 1.9131904868499836
4.782894159676802 1.9131576638564625
4.782812134666208 1.9131248538522245
4.782730142090543 1.9130920568219156
4.782648181912666 1.9130592727507436
4.782566254096147 1.9130265016239436
4.782484358604834 1.9129937434273114
4.782402495402004 1.9129609981461366
4.782320664450363 1.9129282657662687
4.782238865714387 1.912895546271985
4.78215709915777 1.9128628396497216
4.782075364743206 1.9128301458843433
4.781993662435587 1.9127974649612742
4.781911992197529 1.9127647968659653
4.781830353994268 1.9127321415838947
4.781748747788129 1.9126994991016302
4.781667173544054 1.9126668694041704
4.781585631226417 1.9126342524770727
4.781504120799015 1.9126016483059207
4.781422642226564 1.9125690568763243
4.781341195472995 1.9125364781749812
4.7812597805018795 1.9125039121864922
4.781178397278341 1.9124713588970763
4.781097045766081 1.9124388182924479
4.781015725930989 1.9124062903583474
4.780934437736686 1.9123737750805414
4.780853181148342 1.9123412724453517
4.780771956131401 1.9123087824380667
4.7806907626490425 1.9122763050450595
4.780609600667263 1.9122438402521993
4.7805284701506405 1.91221138804591
4.780447371064241 1.9121789484115828
4.780366303373405 1.9121465213351636
4.780285267042903 1.912114106802624
4.780204262038833 1.9120817048004886
4.780123288325458 1.9120493153147793
4.780042345867738 1.9120169383320709
4.7799614346317485 1.911984573837907
4.779880554583208 1.9119522218183853
4.77979970568642 1.9119198822596277
4.779718887908492 1.911887555148836
4.779638101214696 1.9118552404711273
4.779557345569942 1.9118229382132255
4.77947662094068 1.911790648361352
4.779395927292157 1.9117583709022794
4.779315264591154 1.9117261058217516
4.77923463280262 1.9116938531065903
4.779154031893459 1.9116616127431152
4.779073461830214 1.9116293847171444
4.778992922577598 1.9115971690166231
4.778912414102275 1.9115649656263678
4.778831936371181 1.911532774533846
4.77875148934984 1.9115005957254985
4.778671073005519 1.9114684291877906
4.778590687303862 1.9114362749072116
4.778510332212255 1.9114041328707991
4.778430007696462 1.911372003064566
4.7783497137235695 1.9113398854755972
4.77826945026009 1.9113077800899536
4.778189217272179 1.911275686894768
4.778109014727307 1.9112436058771958
4.778028842592585 1.9112115370233695
4.777948700834763 1.9111794803199686
4.777868589421069 1.911147435754219
4.7777885083183715 1.91111540331337
4.777708457493179 1.9110833829831255
4.777628436913103 1.9110513747513038
4.777548446546023 1.911019378604179
4.777468486358412 1.9109873945285705
4.777388556317638 1.910955422512365
4.777308656391127 1.9109234625419065
4.777228786547195 1.9108915146046048
4.7771489467527575 1.9108595786868505
4.777069136974994 1.9108276547760994
4.776989357181768 1.9107957428593088
4.776909607341415 1.910763842923459
4.776829887421495 1.910731954955553
4.776750197389207 1.9107000789431374
4.776670537212642 1.9106682148727399
4.776590906860568 1.9106363627314316
4.776511306300146 1.910604522507346
4.776431735499219 1.910572694187079
4.776352194426517 1.9105408777582888
4.776272683050407 1.9105090732076162
4.776193201338899 1.9104772805227637
4.7761137492594345 1.9104454996909361
4.776034326781172 1.91041373069988
4.775954933871457 1.9103819735363259
4.775875570499974 1.9103502281875455
4.775796236635213 1.9103184946418692
4.7757169322453095 1.910286772886094
4.77563765729845 1.9102550629075572
4.775558411763707 1.9102233646941362
4.775479195610413 1.9101916782326944
4.77540000880692 1.9101600035111521
4.775320851322254 1.9101283405169338
4.775241723125082 1.9100966892380027
4.775162624183711 1.9100650496613094
4.775083554467743 1.910033421775377
4.7750045139466275 1.9100018055666825
4.7749255025890385 1.9099702010237916
4.774846520363499 1.909938608134257
4.774767567240856 1.9099070268851377
4.774688643188912 1.9098754572640297
4.774609748177381 1.9098438992595823
4.77453088217603 1.909812352858918
4.774452045154059 1.9097808180502118
4.774373237081133 1.9097492948206292
4.774294457926558 1.9097177831589018
4.774215707660104 1.9096862830522374
4.77413698625118 1.909654794488894
4.7740582936700715 1.9096233174561212
4.773979629885677 1.909591851942219
4.7739009948683835 1.909560397934993
4.77382238858781 1.9095289554227841
4.773743811013831 1.9094975243934391
4.773665262116373 1.909466104834312
4.7735867418658255 1.9094346967338052
4.7735082502315995 1.9094033000803405
4.7734297871843925 1.9093719148613342
4.773351352693924 1.909340541065762
4.773272946730581 1.909309178680568
4.773194569265415 1.9092778276942555
4.773116220268095 1.9092464880953477
4.773037899708749 1.9092151598718752
4.772959607558169 1.9091838430113768
4.7728813437871995 1.9091525375029477
4.772803108365914 1.909121243334167
4.772724901264232 1.9090899604936578
4.772646722453351 1.9090586889695509
4.772568571904519 1.9090274287505085
4.772490449588008 1.9089961798241901
4.7724123554747555 1.9089649421792976
4.772334289535542 1.9089337158035302
4.772256251741403 1.90890250068614
4.77217824206281 1.9088712968148658
4.772100260471303 1.9088401041784875
4.772022306937044 1.908808922764784
4.771944381432081 1.9087777525630838
4.771866483926671 1.9087465935606953
4.771788614392754 1.9087154457469857
4.771710772801706 1.908684309110831
4.771632959124745 1.9086531836395986
4.771555173332123 1.9086220693227125
4.771477415396173 1.9085909661485971
4.771399685288668 1.9085598741056966
4.771321982980205 1.9085287931824737
4.771244308442244 1.908497723367411
4.771166661647511 1.9084666646495179
4.771089042566343 1.9084356170173147
4.7710114511717645 1.9084045804593408
4.770933887433799 1.908373554964662
4.770856351325971 1.908342540521348
4.770778842818603 1.9083115371185022
4.770701361884703 1.9082805447447393
4.770623908495906 1.908249563388693
4.7705464826234865 1.908218593040029
4.770469084239984 1.9081876336869117
4.770391713318186 1.90815668531803
4.770314369829305 1.9081257479220926
4.770237053745006 1.9080948214888385
4.770159765038821 1.908063906006
4.770082503681497 1.9080330014633533
4.770005269645847 1.908002107849174
4.769928062904732 1.9079712251527685
4.769850883431058 1.9079403533634607
4.769773731195552 1.9079094924690763
4.7696966061722215 1.9078786424594814
4.769619508333098 1.907847803323549
4.769542437650259 1.9078169750506757
4.769465394096633 1.9077861576292656
4.769388377645398 1.9077553510487513
4.769311388268564 1.9077245552980782
4.769234425939599 1.9076937703662098
4.7691574906306045 1.9076629962426317
4.769080582315135 1.9076322329158395
4.769003700965383 1.9076014803758579
4.768926846554388 1.9075707386117216
4.7688500190550345 1.9075400076124833
4.768773218440653 1.9075092873672135
4.7686964446846165 1.9074785778644971
4.768619697759742 1.9074478790944465
4.768542977638886 1.9074171910461846
4.768466284295155 1.9073865137083499
4.768389617702296 1.907355847071106
4.768312977833302 1.9073251911236289
4.768236364661809 1.9072945458551116
4.768159778161697 1.9072639112552672
4.76808321830468 1.9072332873128215
4.76800668506593 1.9072026740175219
4.767930178418452 1.9071720713581297
4.7678536983361 1.9071414793249277
4.767777244791963 1.9071108979072129
4.767700817759179 1.9070803270942995
4.767624417212729 1.907049766875519
4.767548043125033 1.90701921724022
4.767471695471157 1.9069886781787693
4.767395374224406 1.9069581496800485
4.767319079357928 1.9069276317334574
4.767242810846316 1.9068971243289123
4.767166568663803 1.906866627455347
4.767090352784063 1.9068361411032109
4.767014163180414 1.906805665261971
4.7669379998282135 1.9067751999206113
4.766861862701063 1.906744745069132
4.766785751772805 1.906714300697549
4.766709667017923 1.9066838667953965
4.766633608410142 1.9066534433527231
4.76655757592403 1.906623030358597
4.766481569534591 1.9065926278031002
4.766405589215675 1.9065622356758327
4.766329634941971 1.9065318539664107
4.7662537066876105 1.9065014826644673
4.766177804427166 1.9064711217606476
4.76610192813485 1.9064407712441191
4.766026077785514 1.906410431104564
4.7659502533544496 1.9063801013321777
4.7658744548155925 1.9063497819166746
4.765798682144116 1.9063194728482824
4.765722935314236 1.9062891741162509
4.765647214301007 1.9062588857108396
4.765571519078924 1.9062286076223245
4.765495849623123 1.9061983398400038
4.76542020590937 1.906168082354185
4.765344587911489 1.906137835154695
4.765268995605129 1.906107598231873
4.765193428964787 1.9060773715755777
4.765117887965994 1.9060471551756837
4.765042372583129 1.9060169490225771
4.764966882791999 1.9059867531061643
4.764891418567061 1.9059565674163674
4.764815979884003 1.9059263919431242
4.764740566718549 1.9058962266773782
4.764665179045672 1.9058660716081086
4.76458981684078 1.9058359267257954
4.764514480078922 1.9058057920214277
4.7644391687361765 1.9057756674845272
4.764363882787672 1.905745553105125
4.764288622208772 1.9057154488737624
4.764213386975868 1.9056853547805017
4.764138177063413 1.9056552708154206
4.764062992447676 1.905625196969106
4.763987833103584 1.9055951332316663
4.763912699007482 1.9055650795932253
4.763837590135753 1.9055350360444154
4.763762506463045 1.9055050025748979
4.763687447965026 1.905474979175828
4.763612414618785 1.9054449658373906
4.763537406399673 1.9054149625497852
4.76346242328308 1.9053849693032268
4.763387465245419 1.9053549860884376
4.763312532263335 1.9053250128951706
4.763237624311936 1.905295049714178
4.763162741367943 1.9052650965362268
4.763087883406738 1.9052351533516068
4.763013050405114 1.9052052201506229
4.762938242338723 1.905175296924086
4.762863459184041 1.9051453836623309
4.762788700917973 1.9051154803561978
4.762713967515888 1.90508558699556
4.762639258954764 1.9050557035707965
4.762564575210636 1.905025830073282
4.76248991626016 1.904995966493425
4.7624152820802275 1.9049661128216482
4.762340672646785 1.9049362690478988
4.7622660879366014 1.9049064351636094
4.76219152792589 1.9048766111597364
4.762116992591688 1.9048467970262708
4.762042481911066 1.9048169927537086
4.761967995859957 1.9047871983330493
4.76189353441472 1.9047574137553067
4.761819097553318 1.9047276390105305
4.761744685251204 1.904697874089763
4.761670297486411 1.9046681189840606
4.761595934235246 1.9046383736835164
4.761521595475031 1.904608638179215
4.761447281182145 1.9045789124617671
4.761372991333197 1.9045491965222854
4.7612987259063955 1.9045194903514087
4.761224484878227 1.9044897939402776
4.761150268225212 1.9044601072790712
4.761076075925661 1.9044304303594461
4.761001907955583 1.9044007631716096
4.760927764293357 1.9043711057067583
4.760853644915646 1.904341457955615
4.760779549799145 1.9043118199094042
4.76070547892156 1.9042821915583896
4.760631432260631 1.904252572893823
4.7605574097929635 1.9042229639064832
4.760483411496755 1.9041933645876492
4.760409437349459 1.904163774928614
4.760335487328175 1.9041341949201973
4.76026156140984 1.9041046245527469
4.760187659573179 1.9040750638180823
4.760113781794421 1.904045512706579
4.76003992805255 1.904015971210083
4.759966098324448 1.9039864393185117
4.759892292588388 1.9039569170242239
4.7598185108217095 1.9039274043176493
4.759744753002171 1.9038979011897172
4.759671019107178 1.9038684076318555
4.759597309114945 1.9038389236350202
4.7595236230037195 1.9038094491906656
4.75944996075062 1.903779984289775
4.759376322334156 1.903750528923344
4.759302707731319 1.9037210830823832
4.75922911692107 1.9036916467588838
4.759155549881629 1.9036622199429138
4.759082006590476 1.903632802626975
4.759008487025897 1.9036033948016462
4.758934991166597 1.9035739964580036
4.758861518990348 1.9035446075871365
4.758788070474375 1.9035152281811143
4.758714645598447 1.9034858582305691
4.758641244340241 1.903456497727113
4.758567866677468 1.9034271466623702
4.758494512588834 1.9033978050270133
4.75842118205308 1.9033684728126923
4.758347875048014 1.9033391500105883
4.758274591552439 1.9033098366123775
4.758201331544421 1.9032805326092668
4.758128095002636 1.9032512379929576
4.758054881905985 1.9032219527546825
4.7579816922333995 1.903192676885205
4.757908525961917 1.903163410376747
4.757835383071691 1.9031341532210606
4.7577622635405925 1.9031049054089484
4.757689167347873 1.903075666932188
4.757616094471663 1.9030464377816076
4.757543044890891 1.9030172179490104
4.757470018584712 1.9029880074266925
4.757397015531734 1.9029588062055205
4.7573240357107895 1.9029296142768541
4.757251079100357 1.9029004316325464
4.757178145679715 1.9028712582644627
4.757105235427983 1.902842094164
4.757032348323733 1.9028129393225688
4.756959484346337 1.9027837937315912
4.756886643474432 1.9027546573829823
4.756813825687258 1.9027255302681894
4.756741030964281 1.9026964123791517
4.756668259284228 1.9026673037068622
4.756595510626626 1.902638204244243
4.75652278497084 1.9026091139823114
4.756450082295498 1.9025800329120977
4.756377402580409 1.9025509610256024
4.756304745804072 1.9025218983148378
4.756232111946549 1.9024928447718283
4.756159500987164 1.9024638003876535
4.756086912905083 1.9024347651548401
4.756014347679883 1.9024057390644922
4.755941805290406 1.9023767221086825
4.755869285716673 1.9023477142794951
4.755796788938352 1.9023187155675934
4.755724314934375 1.9022897259660407
4.755651863684853 1.9022607454660023
4.7555794351687775 1.9022317740596104
4.755507029366701 1.9022028117390084
4.755434646257484 1.902173858495398
4.755362285821547 1.9021449143209466
4.755289948038382 1.9021159792073565
4.755217632886943 1.9020870531468188
4.7551453403483075 1.9020581361310596
4.755073070401868 1.9020292281518167
4.7550008230270455 1.9020003292017926
4.754928598203483 1.9019714392727483
4.754856395911803 1.901942558355505
4.754784216131325 1.9019136864432755
4.754712058842349 1.9018848235273809
4.754639924025205 1.9018559696005801
4.7545678116591095 1.9018271246542178
4.75449572172502 1.9017982886806009
4.754423654202212 1.9017694616715723
4.754351609070939 1.9017406436194622
4.754279586311865 1.9017118345156616
4.754207585904542 1.901683034352998
4.7541356078295 1.9016542431233607
4.754063652067298 1.9016254608186505
4.753991718597574 1.9015966874307797
4.753919807401133 1.9015679229521463
4.753847918458619 1.9015391673751594
4.753776051749566 1.9015104206917652
4.753704207254105 1.9014816828934482
4.753632384953724 1.9014529539731249
4.75356058482823 1.9014242339227756
4.753488806857461 1.9013955227348658
4.753417051023366 1.9013668204009249
4.753345317304892 1.9013381269134406
4.753273605683664 1.9013094422649117
4.753201916139822 1.9012807664469018
4.753130248654477 1.9012520994528774
4.753058603207447 1.9012234412744244
4.7529869797799 1.9011947919036132
4.752915378352652 1.901166151332525
4.752843798905983 1.901137519553725
4.752772241420764 1.9011088965597882
4.752700705878461 1.9010802823428292
4.752629192259059 1.9010516768949737
4.752557700542757 1.901023080208358
4.752486230712045 1.9009944922760733
4.7524147827468015 1.9009659130902774
4.752343356628439 1.9009373426426686
4.752271952337268 1.9009087809258984
4.752200569854755 1.9008802279326293
4.752129209162017 1.900851683655534
4.752057870239633 1.9008231480868254
4.751986553068964 1.900794621218727
4.751915257630453 1.9007661030434733
4.751843983905515 1.90073759355378
4.751772731875777 1.9007090927419033
4.751701501521576 1.9006806006001098
4.7516302928257215 1.9006521171216173
4.751559105767476 1.9006236422982439
4.751487940329514 1.9005951761227582
4.751416796492655 1.9005667185879394
4.751345674237559 1.9005382696861075
4.751274573545663 1.900509829409593
4.751203494398806 1.9004813977507373
4.751132436778851 1.9004529747023615
4.751061400666378 1.9004245602572971
4.750990386043303 1.9003961544079169
4.7509193928904425 1.900367757146604
4.75084842118958 1.9003393684666896
4.750777470922521 1.9003109883596412
4.75070654207035 1.90028261681881
4.7506356346147385 1.9002542538366216
4.750564748537759 1.9002258994055112
4.7504938838203845 1.9001975535188609
4.750423040444552 1.9001692161686587
4.750352218392598 1.9001408873478394
4.750281417645385 1.9001125670488797
4.7502106381847415 1.9000842552642667
4.7501398799919565 1.900055951987433
4.750069143049281 1.9000276572104184
4.749998427338803 1.8999993709262086
4.749927732841518 1.8999710931273315
4.749857059539937 1.8999428238067924
4.749786407416039 1.8999145629571397
4.749715776451267 1.8998863105713988
4.749645166627836 1.8998580666421383
4.749574577927986 1.8998298311619373
4.749504010333051 1.8998016041238508
4.749433463825505 1.8997733855209442
4.749362938387478 1.8997451753458263
4.749292434000563 1.8997169735911164
4.749221950647312 1.8996887802494433
4.749151488309928 1.8996605953143777
4.749081046970265 1.8996324187781028
4.7490106266094605 1.8996042506337434
4.748940227211279 1.8995760908748986
4.748869848757279 1.8995479394933168
4.748799491229786 1.899519796482152
4.748729154610593 1.8994916618345676
4.748658838882448 1.899463535543272
4.74858854402775 1.8994354176014483
4.748518270028366 1.8994073080018243
4.748448016866929 1.8993792067376025
4.7483777845262845 1.8993511138010661
4.748307572988001 1.899323029185437
4.7482373822349695 1.89929495288441
4.748167212249922 1.8992668848902983
4.748097063014871 1.899238825196352
4.748026934512595 1.8992107737953672
4.747956826725711 1.89918273068015
4.74788673963612 1.899154695844443
4.747816673227226 1.8991266692806075
4.747746627480794 1.8990986509824046
4.747676602379535 1.8990706409417528
4.747606597906742 1.8990426391528947
4.747536614045175 1.8990146456082306
4.747466650777247 1.8989866603010965
4.747396708085766 1.8989586832239123
4.747326785952824 1.8989307143709568
4.747256884361644 1.8989027537342074
4.747187003295289 1.898874801307499
4.747117142735922 1.898846857083752
4.747047302666837 1.898818921056358
4.746977483071166 1.8987909932177942
4.746907683931144 1.8987630735619327
4.746837905230133 1.8987351620817312
4.746768146951336 1.898707258770157
4.746698409076871 1.8986793636201866
4.746628691591095 1.8986514766257283
4.746558994475618 1.898623597779777
4.74648931771392 1.8985957270748761
4.746419661289133 1.898567864505422
4.746350025184599 1.898540010063516
4.746280409382943 1.8985121637431113
4.746210813867552 1.898484325536789
4.746141238622018 1.8984564954385201
4.746071683628853 1.8984286734413642
4.7460021488715105 1.89840085953839
4.745932634333651 1.8983730537231358
4.74586313999767 1.8983452559886882
4.745793665847274 1.8983174663281437
4.745724211866191 1.8982896847355264
4.745654778036885 1.8982619112039507
4.745585364343128 1.8982341457265397
4.745515970767614 1.8982063882964257
4.745446597295079 1.8981786389072095
4.745377243907526 1.8981508975525
4.745307910589551 1.8981231642254568
4.745238597323754 1.898095438919248
4.74516930409404 1.8980677216270507
4.745100030883789 1.8980400123429684
4.7450307776765825 1.8980123110597373
4.744961544456027 1.8979846177714783
4.7448923312052 1.8979569324714038
4.744823137907934 1.8979292551527356
4.744753964547901 1.897901585809162
4.744684811109344 1.8978739244334641
4.744615677575061 1.8978462710198059
4.744546563929157 1.8978186255619014
4.744477470154658 1.897790988052559
4.744408396236625 1.8977633584855103
4.744339342158128 1.8977357368540384
4.74427030790226 1.8977081231518922
4.744201293453233 1.8976805173723723
4.744132298795278 1.8976529195092449
4.744063323912283 1.8976253295558279
4.743994368787247 1.8975977475059043
4.743925433404829 1.8975701733528094
4.743856517748436 1.8975426070903434
4.743787621802772 1.8975150487118586
4.743718745550372 1.8974874982111722
4.74364988897653 1.8974599555816538
4.743581052064555 1.8974324208171371
4.743512234798688 1.897404893911009
4.743443437163192 1.8973773748566647
4.743374659141803 1.8973498636479633
4.743305900718644 1.8973223602783171
4.74323716187713 1.8972948647420573
4.743168442602882 1.8972673770321578
4.743099742878994 1.8972398971425113
4.743031062689489 1.8972124250670186
4.742962402018596 1.8971849607986793
4.742893760850925 1.8971575043314108
4.742825139170928 1.8971300556591393
4.742756536962349 1.8971026147757986
4.742687954209499 1.8970751816748763
4.742619390896889 1.8970477563498687
4.742550847008509 1.8970203387942803
4.742482322529094 1.8969929290025322
4.742413817442855 1.8969655269681454
4.7423453317338415 1.896938132684649
4.74227686538667 1.8969107461460344
4.742208418385976 1.8968833673458474
4.742139990715691 1.8968559962776423
4.742071582360671 1.8968286329354347
4.742003193305432 1.8968012773132483
4.741934823533965 1.8967739294046617
4.741866473031009 1.8967465892032618
4.741798141781502 1.8967192567030966
4.741729829769316 1.8966919318982218
4.741661536979429 1.8966646147827013
4.741593263396477 1.8966373053497017
4.741525009005661 1.8966100035933027
4.741456773790753 1.89658270950714
4.741388557736809 1.8965554230857615
4.741320360828006 1.8965281443223665
4.7412521830492595 1.8965008732110666
4.7411840243855075 1.8964736097455297
4.7411158848218875 1.8964463539194312
4.741047764342473 1.896419105727358
4.740979662932441 1.8963918651630018
4.740911580575904 1.8963646322200622
4.7408435172578995 1.896337406893149
4.740775472963482 1.896310189175526
4.740707447677907 1.896282979060917
4.7406394413855475 1.896255776543955
4.740571454071517 1.8962285816183788
4.74050348572113 1.8962013942783862
4.740435536318638 1.896174214517281
4.740367605849033 1.896147042329727
4.740299694298047 1.8961198777090442
4.74023180164981 1.8960927206499114
4.740163927889733 1.8960655711456644
4.740096073003065 1.8960384291905472
4.740028236974176 1.8960112947788113
4.7399604197883525 1.8959841679047156
4.739892621431262 1.8959570485620771
4.739824841888232 1.8959299367447207
4.739757081143526 1.8959028324469283
4.739689339183049 1.8958757356625398
4.739621615991107 1.8958486463858526
4.739553911552921 1.895821564610722
4.739486225854453 1.8957944903314603
4.739418558880782 1.8957674235419382
4.73935091061701 1.8957403642369317
4.739283281048254 1.8957133124094292
4.739215670160371 1.8956862680537734
4.739148077937979 1.8956592311647622
4.739080504366611 1.8956322017358562
4.739012949432179 1.895605179761868
4.738945413119179 1.8955781652367216
4.73887789541338 1.8955511581547961
4.738810396300392 1.8955241585095826
4.7387429157651235 1.895497166295923
4.738675453794118 1.8954701815073234
4.738608010371426 1.895443204138193
4.738540585483626 1.895416234182948
4.738473179115705 1.895389271636012
4.738405791253202 1.895362316490921
4.738338421882212 1.895335368742561
4.738271070987599 1.895308428384483
4.738203738555314 1.8952814954115869
4.738136424570079 1.8952545698178858
4.738069129018956 1.8952276515974005
4.7380018518867 1.895200740744159
4.737934593159518 1.8951738372530893
4.737867352822381 1.8951469411182342
4.737800130860994 1.8951200523336438
4.737732927261616 1.8950931708938212
4.737665742009454 1.8950662967928311
4.737598575091157 1.8950394300256372
4.737531426491255 1.8950125705858725
4.737464296196435 1.8949857184676233
4.737397184191796 1.8949588736658745
4.737330090463704 1.8949320361747268
4.737263014998186 1.894905205988288
4.737195957780576 1.894878383101119
4.737128918796934 1.8948515675077866
4.737061898033342 1.8948247592024205
4.736994895475185 1.8947979581796024
4.7369279111085785 1.894771164433031
4.736860944919835 1.8947443779577469
4.736793996895105 1.894717598747908
4.736727067019845 1.8946908267976794
4.736660155280419 1.8946640621021222
4.736593261661965 1.8946373046549714
4.73652638615177 1.8946105544508574
4.73645952873536 1.8945838114839737
4.736392689398105 1.894557075748965
4.736325868127343 1.8945303472404824
4.736259064908477 1.8945036259527406
4.736192279727993 1.8944769118808482
4.736125512571505 1.8944502050181464
4.736058763425179 1.8944235053597578
4.735992032275729 1.8943968128999247
4.735925319109178 1.8943701276333396
4.735858623911742 1.8943434495542588
4.735791946669479 1.8943167786573887
4.735725287368993 1.8942901149374423
4.735658645996022 1.8942634583882536
4.735592022537205 1.8942368090049921
4.735525416978843 1.894210166781506
4.735458829306728 1.8941835317129783
4.735392259507724 1.8941569037932706
4.735325707568009 1.894130283017137
4.735259173474484 1.8941036693793376
4.7351926572130045 1.8940770628746397
4.735126158770153 1.8940504634973752
4.735059678132349 1.8940238712423243
4.734993215285678 1.8939972861038323
4.734926770216948 1.8939707080766932
4.734860342912805 1.8939441371548242
4.7347939333590325 1.893917573333474
4.7347275415424885 1.893891016607015
4.734661167450047 1.8938644669702676
4.734594811068245 1.8938379244176173
4.7345284723832854 1.8938113889438979
4.734462151381916 1.8937848605430676
4.734395848051076 1.8937583392108548
4.734329562376665 1.8937318249412314
4.734263294345481 1.893705317729057
4.734197043944688 1.8936788175687576
4.734130811160765 1.8936523244552057
4.734064595980205 1.8936258383828408
4.733998398390047 1.8935993593469889
4.733932218376114 1.8935728873416617
4.73386605592618 1.8935464223613185
4.73379991102663 1.8935199644013045
4.733733783663334 1.8934935134560917
4.733667673824645 1.8934670695205982
4.7336015814962895 1.893440632589309
4.733535506665597 1.893414202657155
4.733469449318505 1.8933877797186345
4.733403409443252 1.893361363768691
4.7333373870259825 1.893334954801836
4.733271382053211 1.8933085528130256
4.733205394512519 1.8932821577967842
4.733139424390455 1.8932557697476424
4.733073471674104 1.8932293886610145
4.733007536349871 1.8932030145314438
4.73294161840505 1.8931766473534801
4.732875717826777 1.8931502871221182
4.732809834602203 1.8931239338319206
4.732743968717795 1.8930975874778946
4.732678120160911 1.8930712480554917
4.732612288918752 1.8930449155584173
4.732546474978004 1.8930185899821357
4.732480678326424 1.892992271321679
4.732414898950033 1.8929659595716475
4.732349136836793 1.8929396547266486
4.732283391973454 1.8929133567812957
4.732217664346962 1.8928870657310832
4.732151953944973 1.8928607815702
4.732086260754986 1.8928345042937158
4.732020584763466 1.8928082338971428
4.731954925957944 1.892781970374689
4.731889284324915 1.8927557137214426
4.7318236598519405 1.8927294639324972
4.731758052526596 1.8927032210020798
4.731692462336123 1.8926769849261698
4.731626889268303 1.89265075569857
4.731561333309884 1.892624533314836
4.731495794447456 1.8925983177696553
4.731430272669369 1.892572109058595
4.731364767962419 1.8925459071759194
4.731299280314288 1.8925197121167714
4.731233809712499 1.892493523875864
4.731168356143893 1.8924673424483518
4.731102919596895 1.8924411678293958
4.731037500057506 1.892415000013727
4.73097209751418 1.892388838996083
4.730906711953645 1.892362684772078
4.7308413433642125 1.8923365373364613
4.730775991732814 1.8923103966839885
4.730710657047092 1.8922842628098562
4.730645339294184 1.8922581357088322
4.7305800384622865 1.8922320153761252
4.730514754538739 1.8922059018069497
4.730449487511072 1.8921797949956567
4.730384237366654 1.892153694937907
4.730319004093394 1.892127601628933
4.730253787678343 1.8921015150631038
4.7301885881094385 1.8920754352356635
4.730123405374284 1.892049362141862
4.730058239461019 1.8920232957765208
4.729993090356754 1.8919972361349018
4.729927958049313 1.891971183212272
4.729862842526529 1.8919451370030373
4.729797743775735 1.8919190975024767
4.729732661785488 1.8918930647063084
4.729667596542975 1.8918670386089562
4.72960254803557 1.8918410192061499
4.729537516251008 1.8918150064927581
4.729472501178252 1.8917890004632227
4.7294075028036815 1.8917630011132904
4.729342521116114 1.8917370084382807
4.729277556102823 1.8917110224330858
4.729212607751964 1.8916850430926035
4.729147676051531 1.8916590704126033
4.729082760988843 1.8916331043875623
4.729017862552095 1.8916071450123961
4.728952980729154 1.8915811922833232
4.728888115507381 1.8915552461948384
4.728823266876051 1.8915293067423065
4.728758434822383 1.8915033739206661
4.72869361933378 1.8914774477252938
4.728628820399215 1.8914515281515714
4.728564038006121 1.8914256151944546
4.728499272142637 1.8913997088489052
4.728434522796049 1.8913738091103218
4.72836978995556 1.891347915974109
4.728305073609005 1.8913220294356765
4.728240373743369 1.8912961494900087
4.728175690348069 1.8912702761316644
4.728111023410464 1.8912444093569325
4.728046372918962 1.8912185491603832
4.727981738861813 1.8911926955374545
4.727917121226591 1.8911668484835897
4.727852520001747 1.891141007993807
4.727787935175571 1.8911151740631298
4.727723366736714 1.891089346687449
4.727658814672461 1.8910635258617994
4.727594278971318 1.8910377115812214
4.727529759621631 1.8910119038411914
4.727465256611245 1.8909861026371915
4.727400769928533 1.8909603079642787
4.727336299562055 1.8909345198179457
4.727271845500215 1.8909087381932608
4.727207407730909 1.890882963085298
4.727142986242397 1.8908571944899957
4.727078581023463 1.8908314324024391
4.727014192062563 1.8908056768181478
4.7269498193473085 1.8907799277317885
4.726885462866354 1.890754185139321
4.72682112260854 1.8907284490358522
4.726756798561348 1.8907027194173525
4.726692490713471 1.8906769962785104
4.726628199053618 1.8906512796144492
4.726563923570512 1.8906255694207266
4.726499664251859 1.8905998656933338
4.726435421086579 1.8905741684274104
4.726371194062921 1.8905484776181012
4.72630698316983 1.8905227932605564
4.7262427883950675 1.8904971153507883
4.726178609727607 1.89047144388353
4.726114447156092 1.890445778854804
4.726050300668494 1.890420120259782
4.725986170253656 1.8903944680940692
4.725922055900261 1.890368822352848
4.725857957597177 1.890343183031734
4.725793875332259 1.8903175501259204
4.725729809094228 1.8902919236310332
4.725665758872165 1.890266303542276
4.725601724654989 1.890240689855713
4.7255377064306066 1.890215082566131
4.725473704187966 1.890189481669177
4.725409717915854 1.890163887160076
4.72534574760239 1.8901382990349125
4.7252817932374125 1.8901127172889216
4.7252178548088954 1.8900871419173442
4.7251539323049965 1.8900615729158528
4.725090025715593 1.8900360102801255
4.725026135028869 1.890010454004992
4.724962260233702 1.8899849040869934
4.724898401318985 1.8899593605209701
4.724834558273111 1.8899338233021945
4.724770731084998 1.8899082924267958
4.724706919743747 1.8898827678900567
4.724643124237449 1.8898572496872648
4.724579344556082 1.8898317378145644
4.724515580688103 1.8898062322672535
4.724451832622324 1.8897807330406353
4.724388100347398 1.8897552401304436
4.724324383851822 1.8897297535324171
4.724260683124954 1.8897042732418743
4.724196998156509 1.889678799254564
4.724133328934849 1.8896533315653898
4.724069675448693 1.889627870170961
4.724006037687109 1.8896024150661914
4.7239424156385 1.8895769662472746
4.723878809292981 1.8895515237087102
4.72381521863898 1.8895260874471265
4.723751643665616 1.8895006574578825
4.723688084361342 1.8894752337363427
4.723624540716153 1.8894498162783007
4.723561012718526 1.889424405079131
4.723497500357801 1.8893990001350611
4.723434003622311 1.8893736014406273
4.72337052250159 1.8893482089924913
4.723307056985013 1.8893228227860472
4.7232436070614625 1.8892974428171185
4.723180172720507 1.8892720690806855
4.723116753951052 1.889246701573005
4.723053350742014 1.8892213402894913
4.722989963083 1.8891959852255638
4.722926590962444 1.8891706363774934
4.7228632343698065 1.8891452937407094
4.722799893294394 1.8891199573106459
4.722736567725861 1.889094627083588
4.722673257652691 1.8890693030545567
4.72260996306507 1.8890439852198466
4.722546683952014 1.8890186735744887
4.722483420301703 1.8889933681147872
4.7224201721047 1.888968068835783
4.722356939349548 1.88894277573379
4.722293722025987 1.888917488804281
4.722230520122586 1.888892208043157
4.722167333629783 1.8888669334459007
4.722104162536172 1.8888416650084225
4.722041006830527 1.8888164027266372
4.721977866503322 1.888791146596042
4.7219147415433556 1.8887658966121397
4.7218516319402815 1.888740652771281
4.721788537683765 1.8887154150685561
4.721725458762978 1.888690183499904
4.721662395167104 1.888664958061689
4.721599346885675 1.8886397387490161
4.721536313908405 1.8886145255582594
4.721473296224006 1.8885893184845335
4.721410293823226 1.8885641175242216
4.721347306694803 1.888538922672869
4.721284334827653 1.8885137339260263
4.721221378212392 1.88848855128009
4.721158436837791 1.8884633747306196
4.721095510693645 1.88843820427318
4.72103259976976 1.8884130399037609
4.720969704054946 1.888387881617936
4.720906823539872 1.8883627294117047
4.720843958213707 1.8883375832810705
4.720781108065126 1.8883124432220417
4.720718273085003 1.8882873092297907
4.7206554532622045 1.8882621813007552
4.720592648586617 1.888237059430537
4.7205298590473 1.888211943615163
4.720467084635003 1.888186833850244
4.720404325338472 1.8881617301318163
4.720341581147975 1.8881366324555002
4.720278852053122 1.8881115408177602
4.720216138043195 1.8880864552138066
4.720153439107828 1.8880613756396931
4.720090755237166 1.8880363020914785
4.720028086421198 1.8880112345652256
4.719965432649087 1.8879861730561633
4.719902793910511 1.8879611175607829
4.719840170195659 1.8879360680751605
4.719777561494567 1.8879110245949582
4.719714967796443 1.8878859871158424
4.719652389091846 1.8878609556339032
4.719589825369338 1.8878359301448164
4.719527276619836 1.8878109106446808
4.719464742832592 1.8877858971300177
4.719402223998212 1.8877608895965166
4.719339720105301 1.8877358880394528
4.7192772311448214 1.8877108924553614
4.719214757106907 1.8876859028399449
4.719152297980701 1.8876609191893288
4.719089853756026 1.887635941499225
4.719027424422717 1.8876109697657677
4.718965009971454 1.8875860039850954
4.718902610391758 1.8875610441533508
4.718840225673665 1.8875360902658462
4.718777855806383 1.8875111423191508
4.71871550078114 1.8874862003090032
4.7186531605871656 1.8874612642311466
4.718590835214706 1.887436334082163
4.718528524653183 1.887411409857804
4.718466228893698 1.8873864915538265
4.718403947925527 1.8873615791668248
4.718341681738958 1.8873366726921474
4.7182794303236255 1.887311772125981
4.718217193670171 1.8872868774645157
4.718154971768416 1.887261988703947
4.718092764608692 1.8872371058400577
4.718030572181009 1.8872122288686348
4.7179683944750535 1.8871873577863025
4.71790623148119 1.8871624925884407
4.717844083189626 1.8871376332716818
4.717781949590747 1.8871127798322467
4.717719830673951 1.887087932265528
4.717657726429977 1.8870630905681711
4.717595636848909 1.8870382547359934
4.717533561921176 1.8870134247648171
4.717471501636385 1.886988600650884
4.717409455985483 1.8869637823904404
4.717347424958598 1.8869389699797363
4.717285408545037 1.8869141634141957
4.717223406736112 1.8868893626904926
4.717161419521483 1.8868645678048899
4.717099446891486 1.8868397787528246
4.717037488836799 1.886814995530983
4.7169755453469495 1.8867902181352256
4.716913616412636 1.8867654465618322
4.716851702024238 1.886740680806257
4.7167898021721415 1.8867159208656175
4.716727916846912 1.8866911667357908
4.716666046038461 1.8866664184126591
4.716604189737042 1.8866416758921083
4.716542347933418 1.886616939170443
4.716480520617364 1.886592208243972
4.716418707780161 1.8865674831090078
4.716356909411606 1.8865427637614534
4.716295125501508 1.8865180501972159
4.716233356041179 1.8864933424130343
4.716171601020777 1.886468640404824
4.716109860430641 1.8864439441689183
4.716048134261282 1.8864192537012408
4.715986422503554 1.8863945689977193
4.715924725147328 1.8863698900551131
4.715863042183313 1.8863452168697716
4.715801373602063 1.8863205494376352
4.715739719394306 1.886295887754648
4.715678079549955 1.886271231816759
4.715616454059759 1.8862465816203338
4.7155548429143135 1.8862219371621554
4.715493246104551 1.8861972984381843
4.715431663620096 1.8861726654443858
4.715370095452069 1.8861480381775544
4.715308541590939 1.8861234166332508
4.71524700202768 1.886098800808277
4.715185476753112 1.8860741906982024
4.715123965757239 1.8860495862998368
4.715062469030407 1.88602498760917
4.715000986563795 1.8860003946226074
4.714939518347438 1.885975807336147
4.714878064372206 1.8859512257462023
4.714816624628813 1.8859266498491911
4.714755199108148 1.8859020796407113
4.714693787801111 1.8858775151176002
4.714632390697788 1.8858529562762874
4.7145710077889325 1.8858284031123829
4.714509639065473 1.885803855622736
4.714448284517526 1.885779313804199
4.714386944137192 1.885754777651983
4.714325617913947 1.8857302471629482
4.71426430583909 1.8857057223327258
4.714203007902776 1.8856812031581835
4.714141724096485 1.8856566896353713
4.714080454410556 1.8856321817611643
4.714019198835999 1.8856076795316206
4.713957957363992 1.8855831829428014
4.7138967299844134 1.8855586919911833
4.713835516688299 1.8855342066728358
4.713774317466858 1.8855097269846532
4.713713132310982 1.885485252922303
4.7136519612117365 1.8854607844822764
4.713590804159375 1.8854363216610692
4.713529661144982 1.8854118644551807
4.713468532159651 1.885387412860704
4.713407417193339 1.885362966874146
4.713346316237977 1.8853385264920177
4.713285229284033 1.8853140917100137
4.713224156322474 1.8852896625254723
4.713163097343952 1.885265238934096
4.713102052340108 1.8852408209324112
4.713041021301285 1.885216408516538
4.712980004218488 1.8851920016834192
4.71291900108257 1.8851676004291829
4.712858011885047 1.885143204749961
4.7127970366163 1.8851188146422986
4.7127360752677 1.885094430103153
4.712675127830301 1.8850700511282585
4.712614194294675 1.8850456777137627
4.712553274652712 1.8850213098566342
4.712492368894677 1.8849969475530277
4.712431477011988 1.8849725907999193
4.712370598994928 1.8849482395930628
4.7123097348357526 1.8849238939294413
4.7122488845247625 1.8848995538048166
4.7121880480532505 1.884875219216179
4.7121272254117015 1.8848508901597063
4.712066416592079 1.8848265666319879
4.7120056215850505 1.8848022486292089
4.711944840381944 1.8847779361475583
4.711884072973772 1.8847536291844527
4.711823319351393 1.8847293277356805
4.711762579506001 1.8847050317974419
4.711701853428961 1.8846807413667563
4.711641141111649 1.8846564564398314
4.711580442545122 1.884632177013286
4.711519757720286 1.8846079030837424
4.711459086628542 1.8845836346474196
4.711398429260978 1.8845593717005402
4.711337785609175 1.8845351142397377
4.711277155663914 1.8845108622616493
4.71121653941712 1.8844866157629157
4.711155936858778 1.8844623747397737
4.7110953479809945 1.8844381391888718
4.711034772775236 1.8844139091068612
4.710974211232327 1.8843896844899903
4.710913663343589 1.8843654653345112
4.710853129100352 1.8843412516370863
4.71079260849428 1.8843170433943814
4.710732101516073 1.8842928406030661
4.710671608157088 1.884268643259407
4.710611128409015 1.8842444513600805
4.710550662263069 1.8842202649013606
4.710490209710308 1.8841960838799314
4.710429770742126 1.8841719082928856
4.710369345350086 1.8841477381361023
4.710308933525764 1.8841235734066815
4.7102485352604155 1.8840994141005096
4.710188150545146 1.8840752602146937
4.710127779371555 1.8840511117451275
4.710067421730927 1.884026968688925
4.710007077614393 1.8840028310423926
4.709946747014066 1.8839786988022456
4.709886429920933 1.8839545719652029
4.709826126326637 1.8839304505271768
4.70976583622267 1.8839063344852982
4.709705559600044 1.8838822238362964
4.709645296451078 1.8838581185769043
4.709585046766803 1.8838340187030485
4.709524810537772 1.8838099242114688
4.7094645877566546 1.8837858350989083
4.709404378414184 1.883761751362114
4.7093441825030435 1.8837376729974316
4.709284000013501 1.8837136000016144
4.709223830937771 1.8836895323714196
4.709163675267594 1.8836654701032034
4.709103532994072 1.8836414131937298
4.709043404108798 1.8836173616393619
4.70898328860354 1.8835933154372746
4.708923186469263 1.8835692745834343
4.708863097698394 1.8835452390750222
4.70880302228208 1.8835212089084157
4.708742960211958 1.8834971840803991
4.70868291147919 1.8834731645873568
4.70862287607624 1.8834491504264834
4.708562853994125 1.8834251415937664
4.70850284522484 1.8834011380860038
4.708442849760066 1.8833771398999972
4.708382867590847 1.8833531470325513
4.708322898709686 1.883329159480071
4.708262943107807 1.8833051772393676
4.708203000776924 1.883281200306853
4.708143071708438 1.8832572286797487
4.708083155894725 1.88323326235407
4.70802325332688 1.8832093013270446
4.707963363996813 1.8831853455950982
4.707903487896441 1.8831613951546597
4.707843625016887 1.8831374500029665
4.707783775350888 1.8831135101360519
4.7077239388895835 1.8830895755511599
4.707664115624763 1.8830656462455375
4.7076043055477435 1.8830417222148261
4.707544508651135 1.883017803455877
4.707484724926271 1.8829938899659475
4.707424954364974 1.882969981741493
4.707365196959238 1.8829460787793753
4.707305452700419 1.8829221810760568
4.70724572158101 1.882898288628004
4.707186003592385 1.8828744014324896
4.707126298726569 1.882850519486388
4.707066606974793 1.8828266427857738
4.707006928329902 1.8828027713279296
4.706947262782982 1.8827789051089368
4.706887610326251 1.8827550441264853
4.7068279709516165 1.8827311883766635
4.70676834465051 1.8827073378563655
4.706708731415657 1.8826834925620872
4.706649131238024 1.8826596524911303
4.706589544110192 1.8826358176395965
4.706529970024106 1.8826119880051944
4.706470408971241 1.8825881635840325
4.7064108609434 1.8825643443730242
4.706351325932873 1.8825405303690859
4.7062918039318005 1.8825167215687368
4.706232294932168 1.8824929179684997
4.706172798925492 1.8824691195661012
4.706113315903774 1.88244532635767
4.706053845859185 1.8824215383401386
4.705994388784065 1.8823977555100426
4.705934944670281 1.882373977864321
4.705875513509548 1.8823502054003156
4.705816095293908 1.882326438113772
4.705756690015415 1.8823026760020387
4.705697297666444 1.8822789190624667
4.705637918238425 1.8822551672912111
4.705578551723433 1.8822314206856297
4.70551919811387 1.8822076792422835
4.705459857401986 1.8821839429573382
4.7054005295798795 1.8821602118285594
4.705341214639018 1.8821364858521192
4.705281912571837 1.8821127650253904
4.7052226233704575 1.8820890493449502
4.705163347027169 1.8820653388073796
4.705104083533632 1.8820416334100603
4.705044832881991 1.8820179331495792
4.704985595065357 1.8819942380229255
4.704926370074296 1.8819705480266926
4.704867157902095 1.8819468631574774
4.704807958540292 1.8819231834126766
4.704748771982029 1.8818995087892918
4.704689598218701 1.8818758392839288
4.704630437242032 1.8818521748931971
4.704571289045184 1.8818285156141075
4.704512153619577 1.8818048614440717
4.704453030957753 1.8817812123793103
4.704393921051785 1.8817575684172412
4.7043348238943885 1.8817339295540916
4.7042757394778105 1.881710295787285
4.704216667793668 1.8816866671138508
4.704157608834065 1.8816630435300254
4.704098562592066 1.8816394250332418
4.704039529058995 1.8816158116201402
4.7039805082280886 1.8815922032873644
4.703921500090846 1.8815686000323562
4.703862504640045 1.8815450018521627
4.703803521867833 1.8815214087430396
4.703744551765891 1.8814978207024373
4.703685594327494 1.881474237727015
4.703626649544655 1.881450659813832
4.7035677174097135 1.8814270869595535
4.703508797914219 1.8814035191612448
4.70344989105148 1.8813799564163711
4.70339099681322 1.8813563987208133
4.703332115192126 1.8813328460724388
4.703273246180731 1.8813092984675317
4.703214389771261 1.881285755903569
4.703155545955788 1.881262218377237
4.703096714727345 1.8812386858860184
4.703037896078021 1.8812151584262096
4.7029790899995945 1.8811916359949024
4.702920296485121 1.881168118589192
4.702861515526552 1.8811446062061763
4.702802747117273 1.881121098842164
4.702743991248936 1.8810975964946552
4.702685247913674 1.8810740991603605
4.702626517104737 1.8810506068367856
4.702567798813798 1.8810271195206472
4.702509093033646 1.8810036372086651
4.702450399756918 1.8809801598983538
4.702391718976102 1.880956687586043
4.702333050683218 1.8809332202688578
4.702274394871558 1.880909757943925
4.702215751533156 1.8808863006087697
4.70215712066053 1.880862848259735
4.702098502245729 1.8808394008939564
4.7020398962819145 1.880815958508178
4.70198130276131 1.8807925210999363
4.701922721676461 1.8807690886659811
4.701864153020079 1.8807456612034597
4.70180559678488 1.8807222387091276
4.7017470529629595 1.8806988211805329
4.701688521546891 1.8806754086140423
4.701630002529572 1.8806520010072092
4.701571495903591 1.880628598356801
4.701513001660755 1.880605200659982
4.701454519794931 1.880581807913526
4.701396050297938 1.8805584201146028
4.701337593162553 1.880535037260386
4.701279148381559 1.8805116593480513
4.701220715946956 1.8804882863743837
4.70116229585233 1.8804649183361708
4.701103888089539 1.880441555230991
4.70104549265155 1.880418197055638
4.700987109530395 1.8803948438073017
4.700928738719686 1.8803714954831754
4.700870380211467 1.880348152080061
4.700812033998421 1.8803248135947637
4.700753700073551 1.8803014800248783
4.700695378429709 1.8802781513672158
4.7006370690589705 1.880254827618983
4.70057877195483 1.8802315087769965
4.700520487109533 1.8802081948388623
4.700462214515018 1.880184885801009
4.700403954165274 1.8801615816610484
4.700345706052723 1.8801382824158082
4.700287470169955 1.880114988062905
4.7002292465097195 1.8800916985983864
4.700171035064776 1.8800684140202677
4.7001128358274205 1.8800451343249955
4.70005464879121 1.8800218595101972
4.6999964739484525 1.87999858957311
4.699938311291936 1.8799753245101893
4.69988016081461 1.8799520643190706
4.699822022508805 1.8799288089969994
4.699763896368112 1.87990555854044
4.699705782384876 1.8798823129474276
4.699647680551917 1.8798590722144322
4.69958959086222 1.8798358363383183
4.69953151330815 1.8798126053167374
4.69947344788349 1.8797893791469515
4.6994153945801465 1.8797661578258336
4.699357353391446 1.8797429413502595
4.699299324310251 1.8797197297178911
4.699241307328961 1.8796965229252183
4.699183302441234 1.8796733209702996
4.699125309639327 1.8796501238496306
4.699067328916442 1.8796269315604923
4.69900936026485 1.8796037441001685
4.698951403678237 1.8795805614655543
4.698893459149041 1.8795573836539388
4.698835526670182 1.8795342106626138
4.698777606234738 1.8795110424884829
4.698719697835951 1.879487879128843
4.698661801466759 1.879464720580994
4.698603917119479 1.8794415668422384
4.698546044787375 1.8794184179094904
4.698488184463404 1.8793952737800579
4.698430336140529 1.8793721344508607
4.698372499811564 1.8793489999192121
4.69831467547011 1.879325870182818
4.6982568631085275 1.879302745238216
4.698199062719962 1.8792796250831174
4.698141274297723 1.8792565097140654
4.698083497834033 1.8792333991283865
4.698025733322215 1.8792102933237995
4.697967980755285 1.8791871922972458
4.697910240126424 1.8791640960460598
4.697852511428972 1.8791410045671881
4.697794794655967 1.8791179178579702
4.697737089799983 1.8790948359153583
4.69767939685407 1.8790717587366972
4.697621715811597 1.8790486863197235
4.697564046665627 1.8790256186613976
4.69750638940876 1.8790025557586822
4.697448744034853 1.8789794976089325
4.697391110536364 1.8789564442091164
4.697333488906693 1.8789333955573728
4.697275879138315 1.878910351650286
4.697218281225109 1.8788873124848322
4.697160695159717 1.8788642780587683
4.697103120935408 1.8788412483694648
4.697045558545304 1.8788182234135167
4.69698800798269 1.8787952031886885
4.6969304692410105 1.8787721876919699
4.696872942312783 1.8787491769203526
4.696815427191157 1.8787261708716085
4.69675792386944 1.8787031695431236
4.696700432341103 1.878680172931509
4.696642952598692 1.8786571810349326
4.69658548463631 1.878634193850011
4.696528028446518 1.8786112113737523
4.6964705840224985 1.8785882336039428
4.696413151357756 1.8785652605379837
4.696355730444868 1.8785422921728903
4.696298321277194 1.8785193285060686
4.696240923848876 1.8784963695345396
4.696183538152356 1.878473415256102
4.696126164180548 1.8784504656673942
4.696068801927456 1.878427520765832
4.696011451385698 1.8784045805492218
4.695954112549447 1.8783816450145971
4.6958967854111755 1.8783587141589941
4.695839469963675 1.8783357879802263
4.695782166201138 1.8783128664753348
4.695724874116365 1.8782899496413639
4.695667593703252 1.8782670374761339
4.695610324954768 1.8782441299766939
4.695553067863427 1.8782212271400955
4.69549582242345 1.8781983289641666
4.695438588627673 1.8781754354455769
4.695381366470174 1.8781525465821594
4.695324155943645 1.8781296623713621
4.695266957040941 1.8781067828106361
4.6952097697561594 1.8780839078966616
4.695152594082785 1.8780610376268942
4.69509543001369 1.8780381719987924
4.695038277542217 1.8780153110102031
4.69498113666187 1.8779924546582032
4.69492400736554 1.8779696029398718
4.694866889647514 1.877946755852677
4.694809783500543 1.8779239133940893
4.694752688917999 1.8779010755608092
4.694695605893572 1.8778782423510845
4.694638534420646 1.8778554137616208
4.69458147449215 1.8778325897902841
4.694524426102253 1.8778097704341712
4.6944673892440525 1.8777869556907671
4.694410363910956 1.8777641455575593
4.6943533500957635 1.8777413400316518
4.694296347792823 1.877718539110537
4.694239356994944 1.8776957427913241
4.694182377695718 1.8776729510718955
4.694125409888891 1.87765016394898
4.694068453567911 1.8776273814204645
4.69401150872623 1.8776046034838534
4.693954575356997 1.8775818301362681
4.693897653453832 1.8775590613748325
