5 2
-3.152173923606684 -1.0
2.0311874528007827 2.0000000447034845
-1.6786937621465716 1.0611673112535451
1.0291944019047197 -0.43990059819366967
-0.7090273124361044 0.1466335293993708
0.3545136566078657 -0.07331676286008393
-0.18569762925573818 0.03840401909063962
0.09176497629068248 -0.019202009535101983
-0.04588248811506279 0.009601004777768818
0.022941244055068033 -0.004800502389580519
-0.011470622027268895 0.0024002511940941496
0.005735573558926465 -0.0012001255970610636
-0.0028677867794574714 0.000600062798516543
0.0014338974921403042 -0.0003000322576697978
-0.0007169487460719631 0.00015001612883462244
0.00035847438644932665 -7.50081419302932e-05
-0.00017923719956027657 3.750406127638293e-05
8.961859978010738e-05 -1.8752030638125378e-05
-4.480929973865093e-05 9.376015220046059e-06
2.240464986933506e-05 -4.688007613297306e-06
-1.1202324932712158e-05 2.3440038070565596e-06
5.601162466355693e-06 -1.1720019035796702e-06
-2.8005812332083107e-06 5.860009517899494e-07
1.4002906166041884e-06 -2.930004758949417e-07
-7.001453083021018e-07 1.4650023794746322e-07
3.500726541510509e-07 -7.325011897373161e-08
-1.7503632707552546e-07 3.6625059486865804e-08
8.751816353776273e-08 -1.8312529743432902e-08
-4.375908176888142e-08 9.156264871716451e-09
2.1879540884440722e-08 -4.5781324358582255e-09
-1.0939770442220361e-08 2.2890662179291128e-09
5.469885221110184e-09 -1.1445331089645576e-09
-2.7349426105550935e-09 5.722665544822778e-10
1.3674713052775443e-09 -2.8613327724113847e-10
-6.837356526387738e-10 1.4306663862056965e-10
3.4186782631938566e-10 -7.153331931028591e-11
-1.7093391315969397e-10 3.5766659655143705e-11
8.546695657984838e-11 -1.7883329827572977e-11
-4.2733478289924655e-11 8.941664913786605e-12
2.1366739144964033e-11 -4.470832456894112e-12
-1.0683369572481248e-11 2.2354162284477983e-12
5.341684786238908e-12 -1.1177081142231568e-12
-2.6708423931202392e-12 5.588540571120106e-13
1.3354211965602642e-12 -2.7942702855774446e-13
-6.677105982821593e-13 1.397135142793045e-13
3.3385529914091403e-13 -6.985675713984036e-14
-1.6692764956969173e-13 3.4928378567560756e-14
8.34638247837501e-14 -1.7464189283658243e-14
-4.173191239141983e-14 8.732094642881835e-15
2.0865956196475325e-14 -4.366047321939168e-15
-1.0432978098402825e-14 2.183023662022297e-15
5.21648905089741e-15 -1.0915118311992073e-15
-2.6082445249934784e-15 5.457559166523157e-16
1.304122263572351e-15 -2.7287795851421675e-16
-6.520611313309495e-16 1.364389784486638e-16
3.2603056487992964e-16 -6.821948941239107e-17
-1.6301528260512449e-16 3.410974575890731e-17
8.150764175778804e-17 -1.7054873067512783e-17
