5 2
-25.28301884481255 -24.788824362718792
-13.188854272092247 -14.090140317620065
-5.924750317225392 -7.664202203699384
-1.5617200351557692 -3.804598492637796
1.0588417520282705 -1.486409219359607
1.0588417520282705 -1.486409219359607
1.319579341480543 1.7388622763176196
1.2154482661313515 0.45078183558223395
1.1529041398528992 -0.32287641650056975
1.1153383342678007 -0.7875578696822505
1.1153383342678007 -0.7875578696822505
-1.3290600582521679 -1.0155930907278825
-0.35283781991037966 -0.9245223984090105
0.23350940397004716 -0.8698227147501515
0.5856864528521414 -0.8369685075821313
0.5856864528521414 -0.8369685075821313
0.7815473699081786 1.015903442541373
0.7033261669172026 0.27591980974019703
0.6563442570395377 -0.16853569615662023
0.6281255673319955 -0.4354884880369135
0.6281255673319955 -0.4354884880369135
-0.7765834837011859 -0.6013727532877254
-0.21558319086230937 -0.535123360707376
0.12136976040514091 -0.49533206534697233
0.3237534183410441 -0.4714322660463441
0.3237534183410441 -0.4714322660463441
0.4626862305073019 0.5936783550565132
0.40720047119445885 0.1683038834497334
0.37387412432364264 -0.08718828907022363
0.3538573594904923 -0.24064425452202323
0.3538573594904923 -0.24064425452202323
-0.45388006024124755 -0.355946918883825
-0.1312930243898493 -0.30989835927320886
0.06246205053301879 -0.28224026664745583
0.17883693509490095 -0.2656280187473418
0.17883693509490095 -0.2656280187473418
0.27380485006940053 0.34702222623952744
0.23587740304981605 0.10234738300942964
0.21309708480324555 -0.04461138257353359
0.19941456883671957 -0.1328790544622947
0.19941456883671957 -0.1328790544622947
-0.265337886970055 -0.21059866241843564
-0.07972915638387415 -0.17955969189948806
0.03175279888487484 -0.16091679125546543
0.09871207559181151 -0.14971932759568543
0.09871207559181151 -0.14971932759568543
0.16196827087281213 0.20289274722255743
0.13670557035101116 0.06206965144620272
0.12153206401515723 -0.022512760246209296
0.11241841861032364 -0.07331539548344652
0.11241841861032364 -0.07331539548344652
-0.1551524215853241 -0.12455621297728653
-0.04829234291316295 -0.10409210790285525
0.015890901446743405 -0.09180077635116701
0.05444120861245058 -0.08441824822379297
0.05444120861245058 -0.08441824822379297
0.09577742470287362 0.11865195052801435
0.0792689318484123 0.037551568293827595
0.06935345504867743 -0.01115965965302848
0.06339793378863029 -0.04041702765456124
0.06339793378863029 -0.04041702765456124
-0.09074339176790588 -0.07364179804528642
-0.029183790715867977 -0.06037278272500215
0.007790680631312698 -0.052403029536536506
0.029998614211776124 -0.04761616597869885
0.029998614211776124 -0.04761616597869885
0.05661743561810144 0.06940303432339406
0.045986645852070726 0.02266893975131134
0.03960148699976215 -0.005400904938409903
0.03576637648901811 -0.02226046300023967
0.03576637648901811 -0.02226046300023967
-0.05308413703274178 -0.043525289050199645
-0.017599803769615084 -0.03503273065711393
0.003713109912236251 -0.029931855219276576
0.016514260387340888 -0.026868122357160976
0.016514260387340888 -0.026868122357160976
0.033457988580466044 0.040604433300145085
0.026691152080669755 0.013657840014869839
0.022626794969887412 -0.002527060866607818
0.020185624901057724 -0.01224817899720272
0.020185624901057724 -0.01224817899720272
-0.03106018782386123 -0.025717318851795914
-0.010594087798165116 -0.020338132751188898
0.001698441978773453 -0.01710723848044926
0.009081689794781413 -0.015166670224682795
0.009081689794781413 -0.015166670224682795
0.019766064716573273 0.02376053329261231
0.015499033436667326 0.008214130600511163
0.012936131418133483 -0.0011234871076496872
0.011396778569342174 -0.006731929535817286
0.011396778569342174 -0.006731929535817286
-0.018177298114969223 -0.015190928942021717
-0.006366264600139129 -0.011812648478523462
0.0007277826778072753 -0.009783555825782476
0.004988672016454005 -0.00856482427347553
0.004988672016454005 -0.00856482427347553
0.011673980088446523 0.013906667782908637
0.009004060802778508 0.004932201778802126
0.0074004302977047735 -0.00045812126511400077
0.006437243578687679 -0.0036957047051178983
0.006437243578687679 -0.0036957047051178983
-0.010639886756566446 -0.008970671046512875
-0.003819773287603739 -0.0068640015834940185
0.00027658350700116626 -0.005598675162152752
0.0027369735085853936 -0.004838683630187414
0.0027369735085853936 -0.004838683630187414
0.006892918174649781 0.008140867493388382
0.005233153703872399 0.0029572090155793786
0.004236251306536357 -0.00015624572723647433
0.003637482982890489 -0.0020262764163839894
0.003637482982890489 -0.0020262764163839894
-0.006229077100464655 -0.005296077552844664
-0.0022886574868774584 -0.0039902132575088175
7.807214763217536e-05 -0.0032058735095889753
0.0014995982063167762 -0.0027347764420267238
0.0014995982063167762 -0.0027347764420267238
0.004068921922681842 0.004766456784763886
0.003042808111983099 0.0017706805179369149
0.002426494571215423 -2.8669085494131136e-05
0.0020563188883884545 -0.0011094103381767565
0.0020563188883884545 -0.0011094103381767565
-0.0036474231138996878 -0.0031259278086747974
-0.0013695130148599233 -0.002320588873446858
-1.3345301227963256e-06 -0.0018368790885152889
0.0008204329166639187 -0.00154634904482341
0.0008204329166639187 -0.00154634904482341
0.002401340989346265 0.0027912245179213383
0.0017699718876281396 0.0010589227027374818
0.0013907534007955445 1.8452284873001455e-05
0.0011629838435519826 -0.000606484248104185
0.0011629838435519826 -0.000606484248104185
-0.002136097881770641 -0.0018446107594046039
-0.0008185397634940474 -0.0013501387298407363
-2.7176368346598298e-05 -0.0010531445717136144
0.0004481393042542125 -0.0008747613170744455
0.0004481393042542125 -0.0008747613170744455
0.0014168776260106092 0.001634801021821103
0.001029991472048793 0.0006325541821767543
0.0007976164928446585 3.057583238357279e-05
0.000658045380239137 -0.0003309897214158415
0.000658045380239137 -0.0003309897214158415
-0.0012511968770271558 -0.0010882716470795167
-0.000488700568884946 -0.0007858350807696191
-3.072330106764789e-05 -0.0006041829588542704
0.00024435105089666196 -0.0004950774568345934
0.00024435105089666196 -0.0004950774568345934
0.0008358345104611435 0.0009576416732654941
0.0005996130710242962 0.000377467539127637
0.00045773166349756 2.899822593436358e-05
0.00037251359925343994 -0.00018030249102682735
0.00037251359925343994 -0.00018030249102682735
-0.0007329877155140779 -0.0006419214950383733
-0.0002914823654473253 -0.000457564174752017
-2.630152222076414e-05 -0.0003468338525914053
0.0001329737382120211 -0.000280326028401143
0.0001329737382120211 -0.000280326028401143
0.0004929725967395943 0.0005610560847777488
0.0003491994325337496 0.00022503232844502108
0.00026284512468291075 2.32067717785006e-05
0.00021097823752362882 -9.801547681578278e-05
0.00021097823752362882 -9.801547681578278e-05
-0.0004294686154226533 -0.0003785676192132043
-0.00017369260843648195 -0.0002665231827330909
-2.006616382044097e-05 -0.00019922606359252084
7.220630834557223e-05 -0.0001588054734508237
7.220630834557223e-05 -0.0001588054734508237
0.0002906996718122153 0.00032875458776675985
0.00020343972228887273 0.00013403715719391166
0.00015102888062861063 1.7084254080936115e-05
0.00011954941795940233 -5.316103164573542e-05
0.00011954941795940233 -5.316103164573542e-05
-0.0002516674873631613 -0.00022321663696494665
-0.00010341415871867997 -0.0001553013314340247
-1.4368934928879807e-05 -0.00011450944072204025
3.9114193930842785e-05 -9.000865500296737e-05
3.9114193930842785e-05 -9.000865500296737e-05
0.00017139180544327491 0.00019266240526162923
0.00011856394138137484 7.977173408037797e-05
8.683400303368606e-05 1.196634197871828e-05
6.777608718896356e-05 -2.875953155850423e-05
6.777608718896356e-05 -2.875953155850423e-05
-0.00014749628949643442 -0.00013159383279298475
-6.152270922242471e-05 -9.052477791361807e-05
-9.884498023350101e-06 -6.585751940410789e-05
2.113090051352268e-05 -5.1041652709286455e-05
2.113090051352268e-05 -5.1041652709286455e-05
0.00010103306046589373 0.00011292215298635443
6.912244160943413e-05 4.743973657950067e-05
4.9956003841561205e-05 8.109109223214111e-06
3.8444088689988296e-05 -1.5513999591645824e-05
3.8444088689988296e-05 -1.5513999591645824e-05
-8.645514296791153e-05 -7.756654647021048e-05
-3.657399107820441e-05 -5.278454841540434e-05
-6.613933024038583e-06 -3.789976584137914e-05
1.138094168522421e-05 -2.8959536252706562e-05
1.138094168522421e-05 -2.8959536252706562e-05
5.9548228613367515e-05 6.619357581402725e-05
4.031160302740175e-05 2.8192166415614274e-05
2.8757531048548542e-05 5.367424231753291e-06
2.18178222781125e-05 -8.341774032390043e-06
1.7649633097137106e-05 -1.6575913788784816e-05
1.7649633097137106e-05 -1.6575913788784816e-05
-6.659234511757979e-06 -1.021209039204704e-06
-6.659234511757979e-06 -1.021209039204704e-06
2.7933949126032337e-05 2.7005188766552733e-05
1.411842901049278e-05 1.581225357140721e-05
5.8204292845588e-06 9.089453965966002e-06
8.364113919460609e-07 5.051546683654359e-06
-2.1571334591400895e-06 2.6262631444352304e-06
-2.1571334591400895e-06 2.6262631444352304e-06
-1.2838825401957708e-06 -2.071858609246785e-06
-1.6326337786741287e-06 -1.9556424233161887e-07
-1.8421038280903268e-06 9.313922538571212e-07
-1.8421038280903268e-06 9.313922538571212e-07
3.4856558732266138e-06 3.028773719957556e-06
1.3579022644521753e-06 2.1911400364472597e-06
7.99120972484136e-08 1.6880330945389749e-06
-6.876856456172351e-07 1.385852559086337e-06
-6.876856456172351e-07 1.385852559086337e-06
-2.3262474927977832e-06 -2.6678245391895006e-06
-1.6718531358832396e-06 -1.048902786293873e-06
-1.2788050168897437e-06 -7.653170294057486e-08
-1.0427289838189091e-06 5.07502406212953e-07
-1.0427289838189091e-06 5.07502406212953e-07
2.0419560575148387e-06 1.786584124540747e-06
8.100217930982161e-07 1.2757557661565198e-06
7.008655338186617e-08 9.68937525335908e-07
-3.743398862328806e-07 7.8465364337208e-07
-3.743398862328806e-07 7.8465364337208e-07
-1.3720504973883153e-06 -1.562973233092697e-06
-9.735936464020026e-07 -6.253987480386764e-07
-7.342689729456668e-07 -6.226447911816747e-08
-5.90523673590909e-07 2.759701997130984e-07
-5.90523673590909e-07 2.759701997130984e-07
1.1963888597587222e-06 1.0536500294404242e-06
4.827475162012922e-07 7.430671283827076e-07
5.4113948754639785e-08 5.565220829335766e-07
-2.0333573069664425e-07 4.444777499612615e-07
-2.0333573069664425e-07 4.444777499612615e-07
-8.091013144077775e-07 -9.158165969301405e-07
-5.671760063849481e-07 -3.725542563110234e-07
-4.2186869092514724e-07 -4.6255230587254825e-08
-3.34592927596816e-07 1.4972937248120598e-07
-3.34592927596816e-07 1.4972937248120598e-07
7.010672070805144e-07 6.212840709960079e-07
2.8745441060269884e-07 4.3295872080211706e-07
3.902663929098095e-08 3.1984508546835994e-07
-1.1018624310642676e-07 2.519057746679533e-07
-1.1018624310642676e-07 2.519057746679533e-07
-4.770444607385857e-07 -5.366924198033499e-07
-3.3053186628308945e-07 -2.2174903867740305e-07
-2.4253217763799045e-07 -3.258496317305036e-08
-1.8967702733221498e-07 8.103243476523706e-08
-1.8967702733221498e-07 8.103243476523706e-08
4.108711159527006e-07 3.6627674181299107e-07
1.710295032010199e-07 2.5235839006127844e-07
2.6973715200505363e-08 1.839357433777631e-07
-5.9550344650337846e-08 1.4283912894130302e-07
-5.9550344650337846e-08 1.4283912894130302e-07
-2.812173932454612e-07 -3.14557313606411e-07
-1.926899653890458e-07 -1.318863626190904e-07
-1.395178396965861e-07 -2.21689224827668e-08
-1.075811278874465e-07 4.373053555915971e-08
-1.075811278874465e-07 4.373053555915971e-08
2.408283873183836e-07 2.159025909344703e-07
1.0168367267832347e-07 1.4714203627499944e-07
1.810934508933368e-08 1.0584246456523945e-07
-3.208780576917884e-08 8.103675100087576e-08
-3.208780576917884e-08 8.103675100087576e-08
-1.657512621483634e-07 -1.8438643939671773e-07
-1.1236993160491289e-07 -7.838407013045643e-08
-8.030756533023979e-08 -1.4715990770171207e-08
-6.10499836876364e-08 2.3524893442949576e-08
-4.948332489693816e-08 4.649347110533001e-08
-4.948332489693816e-08 4.649347110533001e-08
1.8598592660810698e-08 2.788191663024479e-09
1.8598592660810698e-08 2.788191663024479e-09
-7.779335772996814e-08 -7.518888675236961e-08
-3.929719202450488e-08 -4.404708995567282e-08
-1.6175284937261824e-08 -2.5342428884431676e-08
-2.2876008639560884e-09 -1.4107870131318437e-08
6.053742615724273e-09 -7.360070216824808e-09
6.053742615724273e-09 -7.360070216824808e-09
3.567320630003342e-09 5.776998058564727e-09
4.560325879798314e-09 5.304317720321607e-10
5.156753464264097e-09 -2.620807214531424e-09
5.156753464264097e-09 -2.620807214531424e-09
-9.710569095221318e-09 -8.429359904684608e-09
-3.772989136249205e-09 -6.109591438930622e-09
-2.0670741393871132e-10 -4.716271612237649e-09
1.9353042155076473e-09 -3.879403550568938e-09
1.9353042155076473e-09 -3.879403550568938e-09
6.474255614387751e-09 7.432121112048667e-09
4.661529297802626e-09 2.914624308340271e-09
3.5727536055072916e-09 2.0128547450832554e-10
2.9188035319151904e-09 -1.4284240631136813e-09
2.9188035319151904e-09 -1.4284240631136813e-09
-5.6884945827081465e-09 -4.97236928608514e-09
-2.250987890981748e-09 -3.5570197470260637e-09
-1.86322257890026e-10 -2.706920004924945e-09
1.0537754520955598e-09 -2.1963255887916554e-09
1.0537754520955598e-09 -2.1963255887916554e-09
3.818702378561807e-09 4.354096378779683e-09
2.7144702855993622e-09 1.7380467140303336e-09
2.0512366521103476e-09 1.6677185650956194e-10
1.6528794087423081e-09 -7.769811276729745e-10
1.6528794087423081e-09 -7.769811276729745e-10
-3.3328402350434842e-09 -2.9325656785922194e-09
-1.341687563165171e-09 -2.0716873611817844e-09
-1.4574385729234522e-10 -1.5546190219377708e-09
5.725744152425287e-10 -1.2440528686946584e-09
5.725744152425287e-10 -1.2440528686946584e-09
2.2519552680303125e-09 2.5512109946112134e-09
1.5812589772155008e-09 1.0354920369029341e-09
1.1784194466858975e-09 1.251075279976726e-10
9.364624095295392e-10 -4.216956572760629e-10
9.364624095295392e-10 -4.216956572760629e-10
-1.952959997115329e-09 -1.7292285896398364e-09
-7.990079989625864e-10 -1.20703763670689e-09
-1.0591115683631653e-10 -8.933946939812723e-10
3.103827906887186e-10 -7.05011699275853e-10
3.103827906887186e-10 -7.05011699275853e-10
1.3277803340280993e-09 1.4950477853910737e-09
9.214610899631845e-10 6.16407461792889e-10
6.774140365265221e-10 8.867074949846819e-11
5.308323395946343e-10 -2.2830313620119264e-10
5.308323395946343e-10 -2.2830313620119264e-10
-1.1445406775511138e-09 -1.0194871564511397e-09
-4.754450007333276e-10 -7.035110710666259e-10
-7.356684512103234e-11 -5.137267236084927e-10
1.67812762540553e-10 -3.997367724503894e-10
1.67812762540553e-10 -3.997367724503894e-10
7.827435486011948e-10 8.762368314369906e-10
5.371579230213453e-10 3.6664976434362987e-10
3.89652115298425e-10 6.057707886261258e-11
3.010558741274743e-10 -1.232590010675688e-10
3.010558741274743e-10 -1.232590010675688e-10
-6.708502367113483e-10 -6.009522133807833e-10
-2.8269895912725185e-10 -4.1017531776830766e-10
-4.956411019811574e-11 -2.9558921357044685e-10
9.046340207365646e-11 -2.2676549551438888e-10
9.046340207365646e-11 -2.2676549551438888e-10
4.613638514196907e-10 5.136214416692613e-10
3.132369061678223e-10 2.1793224662306571e-10
2.2426759188765284e-10 4.0332790436457714e-11
1.7083005646812245e-10 -6.633856369554284e-11
1.3873393192431382e-10 -1.304084546551115e-10
1.3873393192431382e-10 -1.304084546551115e-10
-5.194468461356654e-11 -7.608457165198277e-12
-5.194468461356654e-11 -7.608457165198277e-12
2.1664718489808237e-10 2.093436119108025e-10
1.0937933655657051e-10 1.2269921092675728e-10
4.495117397598058e-11 7.065808546738171e-11
6.253761865174541e-12 3.940068500849721e-11
-1.6989019615679034e-11 2.0626589044531927e-11
-1.6989019615679034e-11 2.0626589044531927e-11
-9.911748443114126e-12 -1.6108223856604918e-11
-1.2738206489631879e-11 -1.4373987631369977e-12
-1.4435858687972747e-11 7.374321793651301e-12
-1.4435858687972747e-11 7.374321793651301e-12
2.7052423820537188e-11 2.345960020470256e-11
1.0483200023241162e-11 1.703560379608153e-11
5.312464681772238e-13 1.3177166329208328e-11
-5.4461837828591895e-12 1.0859677535816145e-11
-5.4461837828591895e-12 1.0859677535816145e-11
-1.8018642009112484e-11 -2.0704730905602292e-11
-1.2997564696735978e-11 -8.098816274456823e-12
-9.981760889601034e-12 -5.273404791492776e-13
-8.170382168004562e-12 4.0203061927779944e-12
-8.170382168004562e-12 4.0203061927779944e-12
1.5847091834247317e-11 1.3838901527309652e-11
6.255205216443259e-12 9.917637651429227e-12
4.9404154977812e-13 7.562413505305952e-12
-2.966279460740785e-12 6.147797974685319e-12
-2.966279460740785e-12 6.147797974685319e-12
-1.0628204788819714e-11 -1.2129580381478122e-11
-7.56825272999273e-12 -4.830122459858715e-12
-5.730357295498203e-12 -4.4585756599236714e-13
-4.6264643052823024e-12 2.187458341296882e-12
-4.6264643052823024e-12 2.187458341296882e-12
9.284485558241716e-12 8.162017900457753e-12
3.728853278828462e-12 5.775951077717971e-12
3.9198034560406325e-13 4.342810546230886e-12
-1.6122417505461817e-12 3.4820250211076966e-12
-1.6122417505461817e-12 3.4820250211076966e-12
-6.267799394400289e-12 -7.106985570689331e-12
-4.408503905694329e-12 -2.878040054532209e-12
-3.291757425888723e-12 -3.3801344383728236e-13
-2.621007290832896e-12 1.1875997754366094e-12
-2.621007290832896e-12 1.1875997754366094e-12
5.4403670777782595e-12 4.8129695455736345e-12
2.220886589524579e-12 3.3651013901003205e-12
2.8717378061412776e-13 2.4954700293676607e-12
-8.742698873897737e-13 1.9731443599267767e-12
-8.742698873897737e-13 1.9731443599267767e-12
-3.6956613337171e-12 -4.164720136803877e-12
-2.568878939570383e-12 -1.7134340305894858e-12
-1.892100944994568e-12 -2.411209169721635e-13
-1.4856085678316154e-12 6.431927904461839e-13
-1.4856085678316154e-12 6.431927904461839e-13
3.188291079893153e-12 2.8376104516528445e-12
1.3216703236984383e-12 1.9612233096733206e-12
2.0052407702877432e-13 1.434839923225322e-12
-4.728686848646093e-13 1.1186788840496281e-12
-4.728686848646093e-13 1.1186788840496281e-12
-2.178690069532215e-12 -2.440868078379997e-12
-1.4974341926476146e-12 -1.0192876544281455e-12
-1.0882522702586908e-12 -1.6544546320457762e-13
-8.424858096806827e-13 3.473967757781365e-13
-8.424858096806827e-13 3.473967757781365e-13
1.8687213165338574e-12 1.6727101805142527e-12
7.859433628825303e-13 1.1434182195822753e-12
1.3559570405353305e-13 8.255102067082282e-13
-2.5502185139085433e-13 6.345654878963853e-13
-2.5502185139085433e-13 6.345654878963853e-13
-1.2841891498016082e-12 -1.4307322012769348e-12
-8.731694049199402e-13 -6.059118531959577e-13
-6.262990951626346e-13 -1.1050096999495169e-13
-4.780216690812819e-13 1.8705709069671465e-13
-3.8896197167609246e-13 3.657790414752188e-13
-3.8896197167609246e-13 3.657790414752188e-13
1.4507995350227675e-13 2.0750338801825502e-14
1.4507995350227675e-13 2.0750338801825502e-14
-6.033425298260514e-13 -5.828615266500067e-13
-3.044441693395328e-13 -3.4179635160152646e-13
-1.2491719585921649e-13 -1.970056568064364e-13
-1.7088119264278498e-14 -1.1004019074511579e-13
4.767713318728042e-14 -5.780622434302089e-14
4.767713318728042e-14 -5.780622434302089e-14
2.7539089041145854e-14 4.491552012445033e-14
3.558164323048086e-14 3.8914171724644695e-15
4.0412233168520604e-14 -2.074884191335651e-14
4.0412233168520604e-14 -2.074884191335651e-14
-7.536488076775285e-14 -6.528972549475946e-14
-2.912683967695395e-14 -4.7501380844961143e-14
-1.3549390108610078e-15 -3.6817188154827246e-14
1.532566527972199e-14 -3.039995396652941e-14
1.532566527972199e-14 -3.039995396652941e-14
5.014787661046092e-14 5.76803261837633e-14
3.62408894379405e-14 2.2503601920969832e-14
2.788795196030324e-14 1.3754470740456736e-15
2.287093686999076e-14 -1.1314731917628158e-14
2.287093686999076e-14 -1.1314731917628158e-14
-4.414719117520434e-14 -3.8515734885357206e-14
-1.7382083175640614e-14 -2.765243858981231e-14
-1.3061875895482096e-15 -2.1127629611988993e-14
8.349458817675612e-15 -1.7208641209312053e-14
8.349458817675612e-15 -1.7208641209312053e-14
2.958028740402701e-14 3.3790511403260826e-14
2.1101306617653632e-14 1.342292031445527e-14
1.6008586281892466e-14 1.1895578453331067e-15
1.2949751609220852e-14 -6.158152379622273e-15
1.2949751609220852e-14 -6.158152379622273e-15
-2.5864400477380442e-14 -2.2716726912072736e-14
-1.0363147267073003e-14 -1.6103709679168436e-14
-1.0526476394778568e-15 -1.2131740855170713e-14
4.5395068876031274e-15 -9.746061855226368e-15
4.5395068876031274e-15 -9.746061855226368e-15
1.7444915890617346e-14 1.979819896973635e-14
1.2290867638012022e-14 7.999073049445884e-15
9.195197650208658e-15 9.12177816113079e-16
7.335848997711609e-15 -3.3444157983229685e-15
7.335848997711609e-15 -3.3444157983229685e-15
-1.5155289228111208e-14 -1.3395913244141833e-14
-6.172977110391249e-15 -9.381634980307677e-15
-7.779414644109559e-16 -6.97054371088444e-15
2.462472500271699e-15 -5.5223727751864135e-15
2.462472500271699e-15 -5.5223727751864135e-15
1.0286239888451825e-14 1.160159537534473e-14
7.161652777231864e-15 4.762776233440701e-15
5.2849356666399324e-15 6.551842723243374e-16
4.157725258409909e-15 -1.811953894211569e-15
4.157725258409909e-15 -1.811953894211569e-15
-8.881489653484545e-15 -7.89809548240929e-15
-3.674003178914202e-15 -5.467466014530155e-15
-5.462366542080126e-16 -4.007559873492307e-15
1.332390103796154e-15 -3.1306981515369134e-15
1.332390103796154e-15 -3.1306981515369134e-15
6.064151441885774e-15 6.799362639055938e-15
4.174422394892364e-15 2.8335826739214746e-15
3.0393966424848963e-15 4.516208810545085e-16
2.3576674492559416e-15 -9.79054051130147e-16
2.3576674492559416e-15 -9.79054051130147e-16
-5.205525407845551e-15 -4.655862294429671e-15
-2.1850042511618302e-15 -3.1874510959068934e-15
-3.7079215341045816e-16 -2.3054809911987124e-15
7.188759418930284e-16 -1.7757443163616522e-15
7.188759418930284e-16 -1.7757443163616522e-15
3.574482132284633e-15 3.985424656068992e-15
2.434035355876443e-15 1.6845798809529985e-15
1.749050139327623e-15 3.0262616848623474e-16
1.3376282680078727e-15 -5.274150772576857e-16
1.3376282680078727e-15 -5.274150772576857e-16
-3.051391966076107e-15 -2.744160588213604e-15
-1.2985438337273783e-15 -1.858856346825784e-15
-2.4573270535925993e-16 -1.3271170933653712e-15
3.866160141675907e-16 -1.0077391660356683e-15
7.664228877015434e-16 -8.159115742195395e-16
7.664228877015434e-16 -8.159115742195395e-16
4.66691069993789e-17 3.0732942669668175e-16
4.66691069993789e-17 3.0732942669668175e-16
-1.2446275920347077e-15 -1.2875665630326515e-15
-7.289209225523843e-16 -6.506110905612417e-16
-4.191726274293295e-16 -2.6803726838172937e-16
-2.3312887036884884e-16 -3.825239998402398e-17
-1.213856256564651e-16 9.976301739018232e-17
-1.213856256564651e-16 9.976301739018232e-17
