5 2
-3.802660763863164 -0.9534368253497871
0.5986696180684179 0.5232815873251064
0.5986696180684179 0.5232815873251064
-0.2847006621973902 -0.9419068563356296
0.15698447793551384 -0.2093126345052616
0.15698447793551384 -0.2093126345052616
-0.16124087484656763 0.2141591185819287
-0.002128198455526892 0.0024232420383335507
-0.002128198455526892 0.0024232420383335507
0.002128159092131974 -0.002423203834710187
-1.9681697458872466e-08 1.9101811681888903e-08
-1.9681697458872466e-08 1.9101811681888903e-08
1.9681697458872472e-08 -1.910181168188891e-08
3.308722450212111e-24 -3.308722450212111e-24
3.308722450212111e-24 -3.308722450212111e-24
