5 2
-1.6019955728973727 -0.21507761901234046
-0.24215737482052968 0.8487336258270184
0.3244851894115366 -0.6719653748851497
-0.4113552319580287 0.5850953240801486
0.23675774885335898 -0.3361112927851597
-0.11148199638815426 0.16407003143946008
0.05381650599223731 -0.08011472327126018
-0.027043621560548417 0.04015888807225271
0.013528758875763935 -0.02009200995130743
-0.0067682517018834085 0.010049528589406147
0.0033838401807946526 -0.0050244350371939465
-0.001691991505458651 0.002512299830206616
0.0008459974500861921 -0.001256152985046547
-0.00042299889793165303 0.0006280766221908431
0.00021149947548836166 -0.00031403835906471773
-0.00010574974981823293 0.00015701919095156413
5.287487540539667e-05 -7.850959614343924e-05
-2.643743788114625e-05 3.9254798260403295e-05
1.3218718901251565e-05 -1.9627399087006728e-05
-6.609359449815396e-06 9.813699542039491e-06
3.304679724724544e-06 -4.9068497707753275e-06
-1.6523398623598588e-06 2.453424885372474e-06
8.261699311870398e-07 -1.2267124426927066e-06
-4.1308496559382907e-07 6.133562213468596e-07
2.0654248279691157e-07 -3.0667811067341424e-07
-1.0327124139846378e-07 1.5333905533671368e-07
5.163562069923271e-08 -7.666952766835817e-08
-2.5817810349616527e-08 3.833476383417924e-08
1.2908905174808277e-08 -1.9167381917089634e-08
-6.454452587404158e-09 9.583690958544837e-09
3.2272262937020824e-09 -4.791845479272422e-09
-1.6136131468510445e-09 2.3959227396362133e-09
8.068065734255185e-10 -1.197961369818103e-09
-4.0340328671276527e-10 5.989806849090581e-10
2.0170164335638284e-10 -2.994903424545313e-10
-1.0085082167819178e-10 1.49745171227267e-10
5.0425410839091316e-11 -7.487258561362864e-11
-2.5212705419541496e-11 3.7436292806812047e-11
1.2606352709770464e-11 -1.871814640340402e-11
-6.3031763548858264e-12 9.359073201701138e-12
3.151588177439139e-12 -4.6795366008471954e-12
-1.5757940887194436e-12 2.3397683004234265e-12
7.878970443580747e-13 -1.1698841502099345e-12
-3.9394852218121516e-13 5.849420751062129e-13
1.96974261088608e-13 -2.924710375516847e-13
-9.848713053885861e-14 1.4623551876981914e-13
4.924356526849368e-14 -7.311775938366547e-14
-2.4621782632346454e-14 3.655887969094984e-14
1.2310891317896326e-14 -1.8279439846535023e-14
-6.155445656693315e-15 9.139719921498412e-15
3.0777228242204004e-15 -4.569859956491708e-15
-1.5388614123368873e-15 2.284929978958287e-15
7.694307087778058e-16 -1.1424649921345187e-15
-3.8471535691987733e-16 5.712324969569438e-16
1.9235767894226508e-16 -2.856162495385704e-16
-9.617883827979426e-17 1.4280812441819865e-16
