5 2
-23.671672077307583 -2.018813420263311
-15.4222502313796 -0.8625192517739948
-9.546354443108184 -0.03891437842363965
-5.361073103462756 0.5477226607414696
-2.3799821305853595 0.9655723200331408
-0.25661152120979214 1.2631981535786165
1.2558222776179222 1.4751909955586722
2.333098183075198 1.626189195262711
2.333098183075198 1.626189195262711
4.63608653695224 4.748856651820692
4.63608653695224 4.748856651820692
15.48548891908997 15.5723396211552
12.363895703837393 12.458203946908114
10.140448198209693 10.240068296414439
8.556731656885127 8.660135281716691
7.428682500376271 7.534781054450944
6.6251959759278565 6.733214073418423
6.05288882845549 6.162274177770911
5.645246060242535 5.755605275289303
5.354890388099991 5.465943267946068
5.1480759345652585 5.259622897772431
5.000766195873905 5.112665084633527
4.895840458129612 5.0079900163191695
4.8211039842278325 4.933432089165891
4.76787071037768 4.880325990541727
4.729953729593576 4.842499594090528
4.702946233570899 4.815556619450093
4.683709342174718 4.796365685325251
4.683709342174718 4.796365685325251
-1.6406833940758565 7.95824902323106
-1.6406833940758565 7.95824902323106
73.76170784808598 -10.759900148091505
52.0669098652154 -5.374308813449417
36.61414548053647 -1.5382613871446402
25.607454968048636 1.1940773557164448
17.76761265751652 3.140266799190373
12.18345206135226 4.526498048805944
8.205967779319923 5.5138824392898655
5.372886434080451 6.217176305188265
3.35494007914407 6.718118255027983
1.9175978375442897 7.074929041069263
0.8938081245852381 7.329078123764635
0.16458348620393148 7.510103358319699
-0.3548284267028523 7.639043959632019
-0.7247949926548015 7.730885733557331
-0.98831467043093 7.7963027655232136
-1.1760143897192228 7.842897989987249
-1.3097090910721683 7.8760868228891505
-1.404937113988919 7.899726555116226
-1.4727661023995617 7.916564656697551
-1.5210793144971508 7.928558094784734
-1.5554918351300018 7.937100777370199
-1.5554918351300018 7.937100777370199
-11.335682386849628 -1.38377589956273
-8.521723111047576 1.2980294543268949
-6.517397018157296 3.208224990231284
-5.089756212838331 4.568818509853003
-4.07287663608607 5.53794166548856
-3.3485739475082994 6.228228424351077
-2.8326678395731646 6.719905675781964
-2.4651983873647176 7.070117405140632
-2.203457353038072 7.319566113665291
-2.017024525387623 7.497243367075879
-1.8842322052412679 7.623799269354322
-1.7896469301473643 7.71394247054676
-1.7222757579686623 7.778149643621489
-1.6742886390833371 7.823883110147128
-1.6401083880286838 7.8564581303558105
-1.615762488768697 7.879660656256645
-1.5984213987389695 7.896187344643331
-1.5860696921863453 7.907958969430992
-1.5772718222427256 7.916343658904118
-1.5710052780032657 7.92231590307847
-1.5710052780032657 7.92231590307847
4.284031567004316 5.397657276848397
2.5994186596131645 6.12405279255383
1.39950306888684 6.64144957878554
0.5448275416181905 7.009980810896639
-0.06394049386485579 7.27247812950291
-0.49755361276418486 7.459449643099645
-0.8064074387250255 7.592625658314829
-1.0263977518704999 7.687484231620538
-1.1830923880055237 7.755050068569897
-1.2947027977659347 7.803175843221334
-1.3742006279032264 7.837454855964665
-1.4308253191851983 7.86187110117148
-1.4711579377892698 7.879262297191714
-1.4998860436143588 7.891649693224653
-1.5203484904591615 7.900472984060911
-1.5349234761343642 7.90675763508637
-1.545304942683479 7.911234064487235
-1.5526994506515903 7.914422534316309
-1.5579664086321197 7.916693616676938
-1.5617179559275307 7.918311262558902
-1.5643901069417847 7.919463478896272
-1.5643901069417847 7.919463478896272
-2.383813951851971 6.7027989331050115
-2.148049084388016 7.052858010795154
-1.9801185533002363 7.302197988633842
-1.8605050435573764 7.4797977953831145
-1.7753067676969463 7.606298533976205
-1.71462176459659 7.696402443194918
-1.6713970682738248 7.7605816293940535
-1.6406089941741089 7.8062951614361005
-1.6186792737269957 7.838855982716619
-1.60305917883795 7.862048395009039
-1.5919333022025772 7.8785678796776715
-1.5840085660351713 7.890334373403137
-1.5783639372673737 7.898715408124778
-1.5743433827336728 7.904685049093805
-1.5714796233221269 7.908937103223479
-1.5694398256030624 7.9119657550997795
-1.5679869190781894 7.914123002375583
-1.5669520432420767 7.915659565836502
-1.5662149221831263 7.916754028810642
-1.5656898858100778 7.9175335925789
-1.5656898858100778 7.9175335925789
-1.0738700308092497 7.584461702765169
-1.2153765828221716 7.680293243970209
-1.3161688284503867 7.74855210621135
-1.387961099792358 7.797171508715648
-1.4390972779012463 7.831802122562156
-1.4755205399419224 7.856468806100274
-1.5014640904133483 7.874038384262142
-1.5199431549823523 7.886552838274939
-1.5331054177081704 7.89546662993206
-1.5424806303666105 7.90181574285583
-1.5491584041067266 7.906338087158837
-1.5539148468402189 7.909559261241028
-1.5573027644842508 7.911853638177536
-1.559715909476394 7.9134878763132175
-1.56143474368813 7.914651910976231
-1.5626590344195417 7.915481029246766
-1.563531071864914 7.91607159336687
-1.5641522064423643 7.916492240206229
-1.564594627998172 7.916791858414378
-1.5649097558950067 7.917005270384359
-1.565134215101526 7.917157279400143
-1.565134215101526 7.917157279400143
-1.6339388080450028 7.756301384471759
-1.61414233051144 7.802582889439122
-1.6000417012631625 7.83554826630936
-1.5899981091715751 7.859028835339324
-1.582844262323604 7.875753568204996
-1.577748722375592 7.887666256056433
-1.5741192726664255 7.896151421887516
-1.5715340892853187 7.902195233332829
-1.569692715620029 7.906500117587737
-1.5683811425223522 7.909566399290241
-1.5674469356185732 7.911750449527688
-1.5667815189974075 7.913306104194314
-1.5663075562404072 7.914414165446892
-1.565969962185979 7.915203414992952
-1.5657295007912766 7.915765581429608
-1.5655582250191362 7.9161660011752755
-1.5654362287620713 7.9164512120350246
-1.5653493333036428 7.916654361943087
-1.5652874394318375 7.916799061500397
-1.5652874394318375 7.916799061500397
-1.4795053448837399 7.919839590562652
-1.504186594126773 7.918964768654752
-1.5217665471446924 7.918341650761144
-1.534288390956934 7.917897816529482
-1.5432074462182503 7.917581682412301
-1.549560308300482 7.917356506495447
-1.554085323052986 7.917196118259014
-1.5573083992421655 7.91708187697271
-1.5596041310108861 7.917000505222594
-1.5612393341660606 7.916942545776137
-1.5624040561928776 7.916901262438505
-1.5632336640587015 7.916871857154808
-1.5638245769075962 7.916850912367906
-1.564245472139396 7.916835993821195
-1.56454526727244 7.916825367643092
-1.5647588052624346 7.916817798832049
-1.5649109040397162 7.916812407721525
-1.5650192409124717 7.916808567742893
-1.5650964070686253 7.916805832604031
-1.5651513709558418 7.91680388442012
-1.56519052061741 7.916802496768252
-1.56519052061741 7.916802496768252
-1.5771898271449505 7.918271468371567
-1.5737373831738637 7.917848815433755
-1.571278277388291 7.917547768322386
-1.5695267062360054 7.917333338573634
-1.5682790976461196 7.9171806046146855
-1.5673904513633088 7.917071815314917
-1.5667574866479683 7.916994326904183
-1.566306638724992 7.916939133481567
-1.5659855088978059 7.9168998203265915
-1.5657567746380852 7.916871818364023
-1.565593851866232 7.916851873134285
-1.5654778052817773 7.91683766655186
-1.5653951476544214 7.916827547491471
-1.5653362723036977 7.916820339890085
-1.5652943365860421 7.916815206061871
-1.565264466625292 7.916811549340207
-1.565243190858354 7.916808944731566
-1.5652280365612798 7.916807089521682
-1.5652172424629762 7.916805768093327
-1.5652095540457822 7.916804826866723
-1.565204077742224 7.9168041564501115
-1.565204077742224 7.9168041564501115
-1.5635256781273599 7.917513753449692
-1.564008587753688 7.917309587994174
-1.5643525544815937 7.917164165083017
-1.5645975550023035 7.91706058329424
-1.5647720639017937 7.916986804087916
-1.564896363049865 7.916934252656337
-1.5649848988108284 7.916896821337968
-1.5650479610368453 7.916870159769428
-1.5650928789808143 7.916851169275159
-1.565124873120854 7.916837642731435
-1.5651476618975975 7.916828008048814
-1.5651638938808548 7.916821145459884
-1.5651754555931587 7.916816257377041
-1.5651836907662293 7.916812775694819
-1.565189556512904 7.916810295763219
-1.5651937345652358 7.916808529358263
-1.5651967105071332 7.916807271183855
-1.5651988302101605 7.916806375011754
-1.5652003400316152 7.916805736686552
-1.5652014154468008 7.916805282020463
-1.565202181443216 7.916804958171033
-1.565202181443216 7.916804958171033
-1.565436714332927 7.917147772210991
-1.565369234461549 7.917049137655507
-1.5653211699184295 7.916978882263073
-1.565286934519664 7.9169288407726235
-1.5652625493398087 7.9168931972343906
-1.565245180271008 7.916867809065366
-1.5652328086357443 7.916849725587731
-1.5652239965709844 7.9168368450935525
-1.5652177199160653 7.916827670578912
-1.5652132491821287 7.9168211357582985
-1.5652100647690632 7.916816481138175
-1.565207796576253 7.916813165746711
-1.5652061809885391 7.9168108042606455
-1.5652050302381932 7.9168091222220385
-1.565204210582072 7.91680792414007
-1.565203626757649 7.916807070770594
-1.5652032109113592 7.916806462932833
-1.565202914712485 7.916806029982329
-1.5652027037360372 7.916805721600471
-1.5652025534617944 7.916805501946331
-1.5652025534617944 7.916805501946331
-1.565062162162115 7.916899537735555
-1.5651025555877733 7.916872481730874
-1.5651313270052292 7.916853210287745
-1.5651518203020698 7.9168394836298495
-1.5651664172615711 7.916829706409964
-1.5651768143796305 7.916822742294634
-1.565184220035852 7.9168177818965955
-1.565189494934507 7.916814248705727
-1.5651932521377838 7.916811732085564
-1.5651959283174388 7.916809939548088
-1.5651978345059037 7.916808662760017
-1.5651991922452677 7.916807753329782
-1.5652001593354663 7.916807105561079
-1.5652008481741913 7.9168066441685765
-1.5652013388200374 7.916806315528059
-1.5652016882971176 7.916806081444087
-1.5652019372225505 7.916805914710824
-1.5652021145270854 7.916805795950103
-1.5652022408175077 7.9168057113592525
-1.565202330771613 7.916805651106905
-1.565202394844097 7.916805608190382
-1.565202394844097 7.916805608190382
-1.565222098888154 7.916851057017705
-1.5652164296348556 7.916837980467863
-1.5652123915407683 7.916828666306751
-1.5652095152882886 7.916822032018789
-1.5652074665920106 7.916817306550094
-1.565206007347223 7.916813940694628
-1.5652049679567708 7.916811543264078
-1.5652042276200424 7.916809835622944
-1.565203700293213 7.916808619304815
-1.565203324689013 7.916807752946093
-1.5652030571537627 7.916807135856355
-1.5652028665938327 7.916806696315856
-1.5652027308618612 7.916806383240077
-1.565202634182732 7.916806160242553
-1.5652025653201502 7.916806001405941
-1.5652025162707306 7.916805888269846
-1.5652024813338241 7.916805807685301
-1.5652024564489746 7.9168057502865645
-1.5652024387240013 7.91680570940261
-1.5652024387240013 7.91680570940261
-1.5651778086696204 7.916804843710672
-1.565184895236045 7.916805092787809
-1.5651899428535125 7.916805270200399
-1.5651935381690112 7.916805396567787
-1.5651960990392868 7.916805486576713
-1.5651979230952204 7.916805550688245
-1.5651992223332494 7.916805596353588
-1.565200147754134 7.916805628880086
-1.5652008069126517 7.916805652048049
-1.5652012764178889 7.91680566855012
-1.5652016108369422 7.91680568030421
-1.5652018490368482 7.91680568867641
-1.5652020187018076 7.916805694639758
-1.5652021395507156 7.91680569888733
-1.5652022256289406 7.916805701912789
-1.5652022869407136 7.916805704067762
-1.5652023306118454 7.916805705602706
-1.5652023617179065 7.916805706696016
-1.5652023838741225 7.916805707474758
-1.5652023996555455 7.91680570802944
-1.5652024108963332 7.916805708424529
-1.5652024108963332 7.916805708424529
-1.5652056949036424 7.916805329684306
-1.5652047500281023 7.916805438655554
-1.565204077012428 7.916805516273562
-1.5652035976370196 7.916805571559294
-1.5652032561876434 7.916805610938199
-1.5652030129801813 7.916805638986994
-1.565202839748441 7.916805658965582
-1.5652027163589877 7.916805673195925
-1.5652026284711837 7.916805683331909
-1.5652025658704842 7.9168056905515645
-1.5652025212812763 7.916805695693979
-1.5652024895212884 7.916805699356817
-1.5652024668992932 7.916805701965782
-1.5652024507861053 7.916805703824094
-1.5652024393090085 7.916805705147732
-1.5652024311341053 7.916805706090534
-1.5652024253112875 7.916805706762071
-1.5652024211638127 7.916805707240394
-1.5652024182096504 7.916805707581093
-1.5652024161054607 7.916805707823767
-1.565202414606689 7.916805707996619
-1.565202414606689 7.916805707996619
-1.565202140939414 7.916805383362142
-1.565202219679042 7.9168054767660685
-1.5652022757636814 7.91680554329579
-1.565202315711632 7.91680559068356
-1.5652023441657466 7.916805624436908
-1.565202364433035 7.916805648478732
-1.5652023788690135 7.916805665603236
-1.565202389151468 7.916805677800673
-1.5652023964754516 7.916805686488659
-1.5652024016921764 7.9168056926769355
-1.5652024054079436 7.916805697084719
-1.5652024080546094 7.916805700224294
-1.5652024099397757 7.916805702460549
-1.5652024112825413 7.916805704053389
-1.565202412238966 7.916805705187937
-1.565202412920208 7.916805705996051
-1.5652024134054427 7.9168057065716555
-1.5652024137510656 7.916805706981646
-1.5652024139972458 7.916805707273674
-1.565202414172595 7.91680570748168
-1.5652024142974927 7.916805707629838
-1.5652024143864547 7.916805707735368
-1.5652024144498207 7.916805707810536
-1.5652024144949548 7.916805707864076
-1.565202414527103 7.916805707902211
-1.5652024145500014 7.916805707929374
-1.5652024145663117 7.916805707948722
-1.565202414577929 7.916805707962503
-1.565202414577929 7.916805707962503
-1.565202414577929 7.9168054915395185
-1.565202414577929 7.9168055538088025
-1.565202414577929 7.91680559816195
-1.565202414577929 7.916805629753798
-1.565202414577929 7.916805652256029
-1.565202414577929 7.916805668283912
-1.565202414577929 7.916805679700247
-1.565202414577929 7.9168056878318716
-1.565202414577929 7.916805693623863
-1.565202414577929 7.916805697749381
-1.565202414577929 7.916805700687903
-1.565202414577929 7.9168057027809535
-1.565202414577929 7.91680570427179
-1.565202414577929 7.916805705333683
-1.565202414577929 7.916805706090048
-1.565202414577929 7.916805706090048
-1.5652026882452041 7.916806355359002
-1.565202609505576 7.916806168551149
-1.5652025534209366 7.916806035491706
-1.5652025134729861 7.9168059407161655
-1.5652024850188715 7.91680587320947
-1.565202464751583 7.916805825125821
-1.5652024503156046 7.916805790876814
-1.5652024400331501 7.916805766481941
-1.5652024327091665 7.916805749105968
-1.5652024274924417 7.9168057367294145
-1.5652024237766744 7.9168057279138475
-1.5652024211300086 7.916805721634697
-1.5652024192448424 7.916805717162187
-1.5652024179020767 7.916805713976507
-1.565202416945652 7.916805711707413
-1.56520241626441 7.916805710091183
-1.5652024157791753 7.916805708939975
-1.5652024154335524 7.916805708119993
-1.5652024151873722 7.916805707535937
-1.565202415012023 7.916805707119925
-1.5652024148871253 7.916805706823609
-1.5652024148871253 7.916805706823609
-1.5652018675525752 7.916806031458085
-1.5652020250318315 7.916805938054159
-1.5652021372011102 7.916805871524438
-1.5652022170970115 7.9168058241366674
-1.5652022740052407 7.91680579038332
-1.5652023145398175 7.916805766341495
-1.565202343411774 7.916805749216992
-1.565202363976683 7.916805737019555
-1.5652023786246503 7.9168057283315685
-1.5652023890581002 7.916805722143292
-1.5652023964896349 7.9168057177355085
-1.5652024017829662 7.916805714595934
-1.5652024055532987 7.916805712359678
-1.56520240823883 7.916805710766838
-1.5652024101516795 7.916805709632291
-1.5652024115141634 7.916805708824176
-1.5652024115141634 7.916805708824176
-1.5652048745196443 7.916805113660969
-1.5652041658629896 7.916805284901501
-1.565203661101234 7.9168054068726565
-1.5652033015696778 7.9168054937502355
-1.5652030454826458 7.916805555631372
-1.5652028630770494 7.91680559970805
-1.565202733153244 7.916805631102974
-1.565202640611154 7.916805653464941
-1.565202574695301 7.916805669392916
-1.5652025277447768 7.91680568073809
-1.5652024943028708 7.916805688819027
-1.5652024704828797 7.916805694574914
-1.5652024535163835 7.916805698674716
-1.5652024414314925 7.916805701594922
-1.5652024328236698 7.916805703674925
-1.5652024266924924 7.916805705156469
-1.565202422325379 7.9168057062117425
-1.565202419214773 7.916805706963393
-1.5652024169991514 7.916805707498778
-1.5652024154210091 7.916805707880122
-1.5652024142969303 7.916805708151745
-1.5652024134962719 7.916805708345217
-1.565202412925979 7.9168057084830235
-1.565202412519771 7.9168057085811805
-1.565202412519771 7.9168057085811805
-1.5652040545234238 7.916805167523719
-1.5652035820856542 7.91680532319693
-1.5652032455778175 7.916805434079799
-1.5652030058901136 7.916805513059416
-1.5652028351654257 7.916805569314995
-1.5652027135616948 7.916805609384703
-1.5652026269458248 7.916805637925542
-1.5652025652510981 7.916805658254603
-1.565202521307196 7.91680567273458
-1.5652024900068464 7.916805683048374
-1.5652024677122425 7.916805690394681
-1.5652024518322485 7.916805695627306
-1.565202440521251 7.9168056993543985
-1.565202432464657 7.916805702009131
-1.5652024267261087 7.916805703900043
-1.565202422638657 7.916805705246901
-1.5652024197272483 7.916805706206241
-1.5652024176535106 7.916805706889559
-1.5652024161764297 7.916805707376273
-1.5652024151243347 7.91680570772295
-1.565202414374949 7.91680570796988
-1.5652024138411766 7.9168057081457635
-1.5652024134609814 7.916805708271042
-1.565202413190176 7.916805708360275
-1.565202412997287 7.916805708423834
-1.565202412997287 7.916805708423834
-1.565203781333664 7.916805221472119
-1.565203387635523 7.9168053615780085
-1.5652031072123256 7.916805461372591
-1.5652029074725724 7.916805532454246
-1.565202765201999 7.916805583084267
-1.5652026638655567 7.916805619147004
-1.5652025916856651 7.91680564483376
-1.565202540273393 7.916805663129915
-1.5652025036534747 7.916805676161895
-1.5652024775698499 7.916805685444309
-1.5652024589910132 7.916805692055985
-1.565202445757685 7.916805696765347
-1.5652024363318537 7.91680570011973
-1.5652024296180254 7.91680570250899
-1.5652024248359018 7.916805704210811
-1.565202421429692 7.916805705422983
-1.565202419003518 7.916805706286389
-1.5652024172754035 7.916805706901375
-1.5652024160445026 7.916805707339417
-1.5652024151677568 7.916805707651426
-1.5652024145432686 7.916805707873664
-1.5652024140984584 7.916805708031959
-1.5652024140984584 7.916805708031959
-1.5652024140984584 7.916805437503228
-1.5652024140984584 7.916805515339834
-1.5652024140984584 7.916805570781269
-1.5652024140984584 7.916805610271077
-1.5652024140984584 7.916805638398866
-1.5652024140984584 7.91680565843372
-1.5652024140984584 7.9168056727041405
-1.5652024140984584 7.916805682868671
-1.5652024140984584 7.916805690108659
-1.5652024140984584 7.916805695265556
-1.5652024140984584 7.91680569893871
-1.5652024140984584 7.916805701555022
-1.5652024140984584 7.916805703418569
-1.5652024140984584 7.916805704745935
-1.5652024140984584 7.916805705691391
-1.5652024140984584 7.91680570636482
-1.5652024140984584 7.91680570636482
-1.565202140431183 7.916806139210789
-1.5652022191708113 7.916806014672221
-1.5652022752554509 7.916805925965925
-1.5652023152034014 7.9168058627822315
-1.565202343657516 7.916805817777768
-1.5652023639248045 7.916805785722002
-1.565202378360783 7.9168057628893305
-1.5652023886432374 7.916805746626082
-1.565202395967221 7.9168057350421
-1.5652024011839458 7.916805726791065
-1.565202404899713 7.916805720914019
-1.5652024075463788 7.91680571672792
-1.565202409431545 7.916805713746245
-1.5652024107743108 7.91680571162246
-1.5652024117307355 7.91680571010973
-1.5652024124119774 7.916805709032244
-1.5652024128972122 7.916805708264771
-1.565202413242835 7.916805707718117
-1.5652024134890152 7.916805707328746
-1.5652024136643645 7.916805707051405
-1.5652024137892622 7.916805706853861
-1.5652024138782241 7.916805706713154
-1.56520241394159 7.916805706612931
-1.56520241394159 7.916805706612931
-1.5652029612761407 7.916806085353154
-1.5652028037968841 7.916805976381907
-1.5652026916276054 7.916805898763898
-1.5652026117317042 7.916805843478166
-1.565202554823475 7.916805804099261
-1.565202514288898 7.916805776050466
-1.5652024854169413 7.916805756071878
-1.5652024648520324 7.916805741841535
-1.5652024502040651 7.9168057317055505
-1.5652024397706152 7.916805724485895
-1.5652024323390805 7.916805719343481
-1.5652024270457492 7.916805715680643
-1.5652024232754167 7.916805713071678
-1.5652024205898853 7.916805711213366
-1.565202418677036 7.9168057098897275
-1.565202417314552 7.916805708946926
-1.5652024163440825 7.916805708275389
-1.5652024156528366 7.9168057077970655
-1.5652024151604764 7.9168057074563665
-1.565202414809778 7.916805707213693
-1.565202414809778 7.916805707213693
-1.5652015938079529 7.916805815425185
-1.5652018300268373 7.916805784290543
-1.5652019982807555 7.916805762113969
-1.5652021181246072 7.916805746318046
-1.565202203486951 7.91680573506693
-1.5652022642888164 7.916805727052989
-1.5652023075967514 7.91680572134482
-1.5652023384441147 7.916805717279009
-1.5652023604160656 7.916805714383013
-1.5652023760662404 7.916805712320254
-1.5652023872135423 7.916805710850993
-1.5652023951535394 7.916805709804468
-1.5652024008090382 7.91680570905905
-1.565202404837335 7.916805708528103
-1.5652024077066093 7.91680570814992
-1.565202409750335 7.916805707880549
-1.5652024112060394 7.916805707688681
-1.5652024122429082 7.916805707552017
-1.5652024129814488 7.9168057074546745
-1.5652024129814488 7.9168057074546745
-1.5652040549851012 7.916805653348928
-1.5652035825473318 7.91680566891625
-1.5652032460394951 7.916805680004536
-1.5652030063517912 7.916805687902498
-1.5652028356271033 7.9168056935280555
-1.5652027140233724 7.916805697535026
-1.5652026274075024 7.91680570038911
-1.5652025657127757 7.916805702422017
-1.5652025217688739 7.916805703870015
-1.5652024904685242 7.916805704901394
-1.5652024681739203 7.916805705636024
-1.5652024522939263 7.916805706159287
-1.5652024409829288 7.916805706531997
-1.5652024329263348 7.9168057067974695
-1.5652024271877865 7.916805706986561
-1.5652024231003347 7.916805707121247
-1.565202420188926 7.916805707217181
-1.5652024181151885 7.916805707285512
-1.5652024166381076 7.916805707334183
-1.5652024155860125 7.916805707368852
-1.5652024148366268 7.916805707393545
-1.5652024148366268 7.916805707393545
-1.5652021411693517 7.916805761499291
-1.56520221990898 7.91680574593197
-1.5652022759936193 7.916805734843683
-1.5652023159415698 7.9168057269457215
-1.5652023443956844 7.916805721320164
-1.565202364662973 7.916805717313193
-1.5652023790989513 7.916805714459109
-1.5652023893814058 7.916805712426203
-1.5652023967053894 7.916805710978204
-1.5652024019221142 7.916805709946825
-1.5652024056378815 7.916805709212195
-1.5652024082845473 7.9168057086889325
-1.5652024101697135 7.916805708316223
-1.5652024115124792 7.91680570805075
-1.565202412468904 7.916805707861658
-1.5652024131501459 7.916805707726972
-1.5652024136353806 7.916805707631038
-1.5652024139810035 7.916805707562707
-1.5652024142271836 7.916805707514036
-1.565202414402533 7.916805707479368
-1.5652024145274306 7.9168057074546745
-1.5652024146163925 7.916805707437087
-1.5652024146797585 7.916805707424559
-1.5652024147248926 7.9168057074156355
-1.565202414757041 7.91680570740928
-1.5652024147799393 7.916805707404752
-1.5652024147962496 7.916805707401528
-1.565202414807867 7.916805707399231
-1.5652024148161416 7.916805707397595
-1.5652024148220356 7.9168057073964295
-1.5652024148262338 7.916805707395599
-1.565202414829224 7.916805707395008
-1.565202414829224 7.916805707395008
-1.565201867494674 7.916805707395008
-1.5652020249739302 7.916805707395008
-1.565202137143209 7.916805707395008
-1.5652022170391102 7.916805707395008
-1.5652022739473395 7.916805707395008
-1.5652023144819163 7.916805707395008
-1.5652023433538729 7.916805707395008
-1.5652023639187818 7.916805707395008
-1.565202378566749 7.916805707395008
-1.565202389000199 7.916805707395008
-1.5652023964317336 7.916805707395008
-1.565202401725065 7.916805707395008
-1.5652024054953975 7.916805707395008
-1.5652024081809288 7.916805707395008
-1.5652024100937783 7.916805707395008
-1.5652024114562622 7.916805707395008
-1.5652024124267316 7.916805707395008
-1.5652024131179776 7.916805707395008
-1.5652024136103377 7.916805707395008
-1.565202413961036 7.916805707395008
-1.5652024142108314 7.916805707395008
-1.5652024143887555 7.916805707395008
-1.5652024145154873 7.916805707395008
-1.5652024146057557 7.916805707395008
-1.565202414670052 7.916805707395008
-1.5652024147158492 7.916805707395008
-1.5652024147484693 7.916805707395008
-1.565202414771704 7.916805707395008
-1.5652024147882537 7.916805707395008
-1.5652024148000419 7.916805707395008
-1.565202414808438 7.916805707395008
-1.5652024148144186 7.916805707395008
-1.5652024148186785 7.916805707395008
-1.5652024148217127 7.916805707395008
-1.565202414823874 7.916805707395008
-1.5652024148254131 7.916805707395008
-1.5652024148265096 7.916805707395008
-1.5652024148272907 7.916805707395008
-1.565202414827847 7.916805707395008
-1.565202414828243 7.916805707395008
-1.5652024148285253 7.916805707395008
-1.5652024148287265 7.916805707395008
-1.5652024148288697 7.916805707395008
-1.5652024148289716 7.916805707395008
-1.5652024148290442 7.916805707395008
-1.565202414829096 7.916805707395008
-1.5652024148291328 7.916805707395008
-1.565202414829159 7.916805707395008
-1.5652024148291779 7.916805707395008
-1.5652024148291912 7.916805707395008
-1.5652024148292005 7.916805707395008
-1.5652024148292074 7.916805707395008
-1.565202414829212 7.916805707395008
-1.5652024148292156 7.916805707395008
-1.5652024148292156 7.916805707395008
-1.5652024148292156 7.916805653289262
-1.5652024148292156 7.9168056688565835
-1.5652024148292156 7.91680567994487
-1.5652024148292156 7.916805687842832
-1.5652024148292156 7.9168056934683895
-1.5652024148292156 7.91680569747536
-1.5652024148292156 7.916805700329444
-1.5652024148292156 7.916805702362351
-1.5652024148292156 7.916805703810349
-1.5652024148292156 7.916805704841728
-1.5652024148292156 7.916805705576358
-1.5652024148292156 7.916805706099621
-1.5652024148292156 7.9168057064723305
-1.5652024148292156 7.9168057067378035
-1.5652024148292156 7.916805706926895
-1.5652024148292156 7.916805707061581
-1.5652024148292156 7.916805707157515
-1.5652024148292156 7.916805707225846
-1.5652024148292156 7.916805707274517
-1.5652024148292156 7.9168057073091855
-1.5652024148292156 7.916805707333879
-1.5652024148292156 7.916805707351466
-1.5652024148292156 7.916805707363994
-1.5652024148292156 7.916805707372918
-1.5652024148292156 7.9168057073792735
-1.5652024148292156 7.916805707383801
-1.5652024148292156 7.9168057073870255
-1.5652024148292156 7.916805707389322
-1.5652024148292156 7.916805707390958
-1.5652024148292156 7.916805707392124
-1.5652024148292156 7.916805707392954
-1.5652024148292156 7.916805707393545
-1.5652024148292156 7.916805707393966
-1.5652024148292156 7.916805707394266
-1.5652024148292156 7.91680570739448
-1.5652024148292156 7.916805707394632
-1.5652024148292156 7.91680570739474
-1.5652024148292156 7.9168057073948175
-1.5652024148292156 7.9168057073948725
-1.5652024148292156 7.916805707394912
-1.5652024148292156 7.916805707394939
-1.5652024148292156 7.91680570739496
-1.5652024148292156 7.916805707394974
-1.5652024148292156 7.916805707394984
-1.5652024148292156 7.916805707394991
-1.5652024148292156 7.916805707394996
-1.5652024148292156 7.916805707395
-1.5652024148292156 7.916805707395002
-1.5652024148292156 7.916805707395004
-1.5652024148292156 7.916805707395005
-1.5652024148292156 7.916805707395006
-1.5652024148292156 7.916805707395007
-1.5652024148292156 7.916805707395007
