5 2
3.025562715949285 1.7232496579475254
1.7973463717039007 1.7681473868579327
1.9292764220085166 1.720366042742756
2.1523611132474247 1.6749787152468216
2.3629291868384876 1.6952433465454295
2.4165730807587913 1.7633724794220558
2.4202480339284422 1.7992339675738152
2.4216465683366155 1.8127691428219133
2.4218420577179547 1.817956949760681
2.421882225749573 1.8200619329339418
2.4218910371264912 1.8209710844411715
2.421893158542239 1.8213862027047039
2.421893714008786 1.8215850367209248
2.421893870457126 1.8216842736011567
2.421893917628032 1.821735597760041
2.4218939330426807 1.8217629813330891
2.4218939372889934 1.8217779979137465
2.421893938724358 1.8217864359373714
2.4218939390736285 1.8217912827646503
2.4218939387332017 1.8217941219254985
2.4218939395637578 1.8217958152370746
2.4218939398883417 1.8217968415642487
2.421893939570892 1.821797473323558
2.4218939394155092 1.8217978674507245
2.421893939567753 1.8217981167977726
2.421893939418466 1.8217982761625497
2.421893939564962 1.8217983789915162
2.421893939564962 1.8217984465001151
2.4218939397063166 1.8217984908483555
2.4218939397063166 1.8217985204096014
2.4218939397063166 1.821798540220721
2.4218939395717514 1.8217985536375425
2.421893939836773 1.8217985626216837
2.4218939397062256 1.8217985690430232
2.4218939397062256 1.8217985733193347
2.4218939397062256 1.8217985763552147
2.4218939397062256 1.8217985785179625
2.42189393958274 1.8217985799954168
2.42189393958274 1.8217985812917632
2.42189393958274 1.821798581931783
2.42189393958274 1.8217985824059078
2.42189393958274 1.8217985827182055
2.42189393958274 1.821798582872528
