5 2
3.0122979238238363 0.6700430849829102
-1.0590749038518625 -2.194162258068053
-1.0354142844229812 -2.3568645007151354
-1.051013931316724 -2.2615440854036883
-1.0448970813810396 -2.304693807022623
-1.0482263035690436 -2.282152034515134
-1.0466492541261496 -2.2931368122927
-1.0474726919523678 -2.2875531412539534
-1.0470541142912149 -2.2903442170145984
-1.0472663125400339 -2.288935391360964
-1.047163178908648 -2.289629036557123
-1.0472146518947094 -2.2892825877731835
-1.0471888858515466 -2.289455449080585
-1.047201902192816 -2.2893682229837475
-1.0471953448655429 -2.2894121975207744
-1.047198658634138 -2.2893899788257346
-1.0471969953467766 -2.2894011260343645
-1.0471978301585174 -2.2893955071846532
-1.047197412656455 -2.2893983300582397
-1.0471976207344837 -2.2893969187286083
-1.0471975166494332 -2.2893976253417416
-1.0471975691979818 -2.289397274745074
-1.0471975420242632 -2.2893974479402956
-1.0471975557121778 -2.2893973622265626
-1.047197548881756 -2.2893974050599035
-1.0471975523802648 -2.2893973840819744
-1.0471975507143083 -2.28939739398055
-1.047197551388475 -2.289397389198567
-1.0471975512260185 -2.289397391386175
-1.0471975512260185 -2.289397390655146
