5 2
2.3497305650984486 0.22672411331054687
2.3497305650984486 0.22672411331054687
-2.0703447235160373 1.6050869759480966
0.13969292079120565 0.9159055446293217
0.13969292079120565 0.9159055446293217
-0.05857328671068593 0.7097364053317918
-0.05857328671068593 0.7097364053317918
0.19907088944570103 1.038846613785922
0.19907088944570103 1.038846613785922
-0.06314370308544706 0.613025513213378
-0.06314370308544706 0.613025513213378
-0.5185080679446885 0.019080880960002156
-0.29082588551506783 0.31605319708669005
-0.17698479430025743 0.464539355150034
-0.17698479430025743 0.464539355150034
-0.20317239517759655 0.661192783481802
-0.190078594738927 0.562866069315918
-0.190078594738927 0.562866069315918
-0.1668286090563499 0.5186467304428704
-0.17845360189763845 0.5407563998793942
-0.17845360189763845 0.5407563998793942
-0.17675196904477813 0.5361738023106833
-0.1776027854712083 0.5384651010950388
-0.1776027854712083 0.5384651010950388
-0.17757961544028247 0.5384097118823282
-0.1775912004557454 0.5384374064886835
-0.1775912004557454 0.5384374064886835
-0.17759102520029732 0.5384365692894987
-0.17759111282802134 0.5384369878890911
-0.17759111282802134 0.5384369878890911
-0.17759111354184942 0.5384369989269883
-0.1775911131849354 0.5384369934080397
-0.1775911131849354 0.5384369934080397
-0.17759111282802134 0.5384369928726687
-0.17759111300647837 0.5384369931403542
-0.17759111300647837 0.5384369931403542
-0.17759111318178614 0.5384369926033754
-0.17759111309413225 0.5384369928718649
-0.1775911130503053 0.5384369930061095
-0.17759111302839184 0.5384369930732319
-0.1775911130174351 0.538436993106793
-0.17759111301195674 0.5384369931235736
-0.17759111300921757 0.5384369931319639
-0.17759111300784797 0.538436993136159
-0.17759111300716315 0.5384369931382567
-0.17759111300716315 0.5384369931382567
-0.177591112831846 0.5384369931366628
-0.17759111291950458 0.5384369931374597
-0.17759111296333385 0.5384369931378582
-0.17759111298524852 0.5384369931380575
-0.17759111299620584 0.5384369931381571
-0.17759111299620584 0.5384369931381571
-0.17759111317100884 0.5384369931397462
-0.17759111308360734 0.5384369931389517
-0.17759111303990657 0.5384369931385543
-0.17759111301805622 0.5384369931383557
-0.17759111301805622 0.5384369931383557
-0.17759111284273915 0.5384369931399351
-0.17759111293039767 0.5384369931391454
-0.17759111297422694 0.5384369931387506
-0.17759111299614158 0.5384369931385531
-0.1775911130070989 0.5384369931384544
-0.1775911130070989 0.5384369931384544
-0.17759111318241605 0.5384369931400482
-0.17759111309475747 0.5384369931392513
-0.1775911130509282 0.5384369931388528
-0.17759111302901354 0.5384369931386536
-0.17759111301805622 0.538436993138554
-0.17759111301257757 0.5384369931385042
-0.17759111300983824 0.5384369931384793
-0.17759111300846855 0.5384369931384668
-0.17759111300778374 0.5384369931384606
-0.17759111300744132 0.5384369931384575
-0.1775911130072701 0.5384369931384559
-0.1775911130071845 0.5384369931384552
-0.1775911130071417 0.5384369931384548
-0.1775911130071203 0.5384369931384546
-0.1775911130071096 0.5384369931384545
-0.17759111300710426 0.5384369931384544
-0.17759111300710156 0.5384369931384544
-0.17759111300710023 0.5384369931384544
-0.17759111300709957 0.5384369931384544
-0.17759111300709923 0.5384369931384544
-0.17759111300709907 0.5384369931384544
-0.17759111300709898 0.5384369931384544
-0.17759111300709896 0.5384369931384544
-0.17759111300709893 0.5384369931384544
-0.1775911130070989 0.5384369931384544
