5 2
4.9495866102042765 1.979899497487437
4.974793305102138 1.9899497487437185
4.974793305102138 1.9899497487437185
4.9745891258713675 1.9898742951165609
4.974691215486753 1.9899120219301398
4.974691215486753 1.9899120219301398
4.974691566313543 1.9899124458326634
4.974691390900148 1.9899122338814015
4.974691390900148 1.9899122338814015
4.974691390900148 1.9899122335757107
4.974691390900148 1.9899122335757107
4.974691390900148 1.9899122326794285
4.974691390900148 1.9899122331275696
4.974691390900148 1.9899122333516401
4.974691390900148 1.9899122333516401
4.974691390900148 1.9899122339537112
4.974691390900148 1.9899122339537112
4.974691390900148 1.9899122327586682
4.974691390900148 1.9899122333561898
4.974691390900148 1.9899122336549504
4.974691390900148 1.989912233804331
4.974691390900148 1.989912233879021
4.974691390900148 1.9899122339163662
4.974691390900148 1.9899122339350386
4.974691390900148 1.9899122339443749
4.974691390900148 1.9899122339490432
4.974691390900148 1.989912233951377
4.974691390900148 1.9899122339525441
4.974691390900148 1.9899122339531277
4.974691390900148 1.9899122339534194
4.974691390900148 1.9899122339535653
4.974691390900148 1.9899122339536384
4.974691390900148 1.9899122339536748
4.974691390900148 1.989912233953693
4.974691390900148 1.989912233953702
4.974691390900148 1.9899122339537065
4.974691390900148 1.989912233953709
4.974691390900148 1.98991223395371
4.974691390900148 1.9899122339537105
4.974691390900148 1.989912233953711
4.974691390900148 1.989912233953711
4.974691390900148 1.9899122339537112
