5 2
3.1430466182296537 1.2572186472918614
4.071523309114827 1.6286093236459307
4.5357616545574135 1.8143046618229655
4.767880827278707 1.9071523309114826
4.883940413639353 1.9535761654557413
4.9419702068196765 1.9767880827278708
4.970985103409839 1.9883940413639354
4.970985103409839 1.9883940413639354
4.970985103409839 1.9883940413639354
1154.566180930145 464.0055220094498
579.7685830167774 232.99695802540685
292.3697840600936 117.4926760333854
148.67038458175173 59.74053503737466
76.82068484258079 30.8644645393693
40.89583497299531 16.426429290366617
22.933410038202574 9.207411665865276
13.952197570806206 5.597902853614606
9.461591337108022 3.793148447489271
7.216288220258931 2.890771244426603
6.093636661834385 2.439582642895269
5.532310882622111 2.2139883421296025
5.251647993015975 2.1011911917467687
5.111316548212907 2.0447926165553523
5.041150825811373 2.016593328959644
5.006067964610605 2.0024936851617894
4.988526534010222 1.9954438632628624
4.97975581871003 1.9919189523133989
4.975370461059935 1.9901564968386671
4.975370461059935 1.9901564968386671
4.975370461059935 1.9901564968386671
-200.4583412561634 -81.54576227930526
-97.74148539755173 -39.7778028912333
-46.383057468245894 -18.893823197197314
-20.70384350359298 -8.451833350179324
-7.864236521266523 -3.2308384266703287
-1.4444330301032942 -0.6203409649158307
1.7654687154783204 0.6849077659614182
1.7654687154783204 0.6849077659614182
1.7654687154783204 0.6849077659614182
2976.0722082001157 2906.6140219757467
1488.9188384577972 1453.6494648708542
745.3421535866377 727.1671863184077
373.553811151058 363.9260470421846
187.65963993326818 182.305477404073
94.71255432437324 91.49519258501721
48.23901151992578 46.09005017548932
25.00224011770205 23.38747897072537
13.383854416590186 12.036193368343392
7.574661566034253 6.360550567152405
4.670065140756287 3.522729166556912
3.2177669281173036 2.103818466259165
2.4916178217978118 1.3943631161102916
2.128543268638066 1.039635441035855
2.128543268638066 1.039635441035855
2.128543268638066 1.039635441035855
-22185.450086036373 -15031.081780324259
-11091.660771383868 -7515.021072441611
-5544.766114057615 -3756.9907185002876
-2771.3187853944883 -1877.9755415296258
-1384.595121062925 -938.467953044295
-691.2332888971436 -468.7141588016296
-344.55237281425275 -233.83726168029688
-171.21191477280735 -116.3988131196305
-84.54168575208463 -57.679588839297324
-41.20657124172328 -28.319976699130734
-19.53901398654261 -13.64017062904744
-8.705235358952272 -6.300267594005792
-3.2883460451571027 -2.6303160764849687
-0.5799013882595183 -0.7953403177245568
0.7743209401892739 0.1221475616556491
1.45143210441367 0.5808915013457521
1.7899876865258681 0.8102634711908036
1.9592654775819671 0.9249494561133293
2.0439043731100166 0.9822924485745922
2.0439043731100166 0.9822924485745922
2.0439043731100166 0.9822924485745922
-7548.784069716584 -5954.447632331241
-3773.3700826717372 -2976.732669941333
-1885.6630891493135 -1487.8751887463793
-941.8095923881018 -743.4464481489023
-469.88284400749586 -371.2320778501639
-233.91946981719292 -185.12489270079465
-115.93778272204146 -92.07130012611002
-56.94693917446572 -45.54450383876772
-27.45151740067785 -22.28110569509656
-12.703806513783917 -10.649406623260985
-5.32995107033695 -4.833557087343197
-1.6430233486134669 -1.925632319384302
0.20044051224827486 -0.4716699354048549
1.1221724426791457 0.25531125658486864
1.5830384078945812 0.6188018525797304
1.8134713905022988 0.8005471505771613
1.9286878818061577 0.8914197995758768
1.9862961274580873 0.9368561240752344
2.015100250284052 0.9595742863249134
2.015100250284052 0.9595742863249134
2.015100250284052 0.9595742863249134
448.86078286958457 389.86822347579266
225.43794155993433 195.41389888105877
113.72652090510918 98.18673658369184
57.870810577696616 49.57315543500838
29.942955413990337 25.266364860666645
15.979027832137193 13.11296957349578
8.997064041210622 7.036271929910346
5.506082145747337 3.99792310811763
3.7605911980156947 2.478748697221272
2.8878457241498734 1.7191614917730926
2.4514729872169627 1.339367889049003
2.2332866187505074 1.1494710876869583
2.12419343451728 1.0545226870059357
2.0696468424006658 1.0070484866654246
2.042373546342359 0.983311386495169
2.0287368983132055 0.9714428364100411
2.021918574298629 0.9655085613674773
2.0185094122913405 0.9625414238461953
2.0185094122913405 0.9625414238461953
2.0185094122913405 0.9625414238461953
-252.28438178673184 -177.81081760809414
-125.13293618722025 -88.42413809212398
-61.55721338746446 -43.73079833413889
-29.769351987586557 -21.384128455146346
-13.875421287647608 -10.210793515650076
-5.928455937678134 -4.62412604590194
-1.9549732626933967 -1.8307923110278725
0.031768074798971924 -0.4341254435908386
1.0251387435451562 0.26420799012767837
1.5218240779182484 0.6133747069869369
1.7701667451047944 0.7879580654165661
1.8943380786980675 0.8752497446313807
1.956423745494704 0.918895584238788
1.9874665788930224 0.9407185040424917
2.002987995592181 0.9516299639443435
2.010748703941761 0.9570856938952694
2.014629058116551 0.9598135588707324
2.014629058116551 0.9598135588707324
2.014629058116551 0.9598135588707324
-198.1846355078855 -101.98002082328554
-98.08500322488447 -50.510103632207404
-48.03518708338396 -24.775145036668338
-23.010279012633706 -11.907665738898803
-10.497824977258578 -5.473926090014035
-4.241597959571013 -2.2570562655716513
-1.1134844507272312 -0.6486213533504595
0.45057230369465984 0.15559610276013647
1.2326006809056054 0.5577048308154344
1.6236148695110781 0.7587591948430834
1.8191219638138145 0.8592863768569079
1.9168755109651827 0.9095499678638201
1.9657522845408668 0.9346817633672763
1.9901906713287087 0.9472476611190044
2.00240986472263 0.9535306099948684
2.0085194614195903 0.9566720844328004
2.0085194614195903 0.9566720844328004
2.0085194614195903 0.9566720844328004
40.71587760135865 52.02888329240938
21.36219853138912 26.49277768842109
11.685358996404355 13.724724886426944
6.846939228911973 7.340698485429873
4.4277293451657815 4.148685284931337
3.218124403292686 2.5526786846820686
2.613321932356138 1.7546753845574345
2.310920696887864 1.3556737344951175
2.159720079153727 1.156172909463959
2.0841197702866587 1.0564224969483798
2.0463196158531245 1.0065472906905901
2.0274195386363574 0.9816096875616952
2.0179695000279736 0.9691408859972478
2.0179695000279736 0.9691408859972478
2.0179695000279736 0.9691408859972478
557.797332447618 768.8595248551393
279.90765097382297 384.9143328705683
140.96281023692546 192.94173687828274
71.49038986847673 96.95543888214
36.75417968425235 48.962289884068625
19.38607459214016 24.965715385032937
10.702022046084068 12.967428135515092
6.359995773056021 6.9682845107561695
4.188982636541997 3.968712698376709
3.1034760682849853 2.4689267921869784
2.5607227841564795 1.7190338390921132
2.2893461420922265 1.3440873625446805
2.1536578210601 1.156614124270964
2.0858136605440367 1.062877505134106
2.0518915802860054 1.016009195565677
2.0349305401569895 0.9925750407814623
2.0264500200924815 0.980857963389355
2.0222097600602273 0.9749994246933015
2.0200896300441005 0.9720701553452746
2.0200896300441005 0.9720701553452746
2.0200896300441005 0.9720701553452746
84.38511273962804 167.53910075547734
43.20260118483607 84.2555854554113
22.611345407440087 42.613827805378286
12.315717518742094 21.792948980361782
7.167903574393097 11.382509567853528
4.593996602218599 6.177289861599402
3.3070431161313496 3.5746800084723382
2.663566373087725 2.2733750819088065
2.3418280015659128 1.6227226186270405
2.1809588158050066 1.2973963869861576
2.1005242229245535 1.134733271165716
2.0603069264843272 1.0534017132554954
2.0401982782642136 1.012735934300385
2.0301439541541573 0.9924030448228298
2.0251167920991286 0.9822366000840522
2.0226032110716146 0.9771533777146635
2.0226032110716146 0.9771533777146635
2.0226032110716146 0.9771533777146635
164.29334329412296 400.3300971527623
83.15797325259729 200.65362526523847
42.59028823183445 100.81538932147656
22.306445721453034 50.896271349595615
12.164524466262325 25.93671236365514
7.093563838666969 13.456932870684902
4.558083524869292 7.217043124199782
3.2903433679704532 4.097098250957223
2.656473289521034 2.537125814335943
2.3395382502963242 1.7571395960253033
2.1810707306839694 1.3671464868699834
2.101836970877792 1.1721499322923234
2.0622200909747033 1.0746516550034935
2.042411651023159 1.0259025163590785
2.032507431047387 1.001527947036871
2.0275553210595008 0.9893406623757672
2.0250792660655574 0.9832470200452154
2.023841238568586 0.9802001988799394
2.023841238568586 0.9802001988799394
2.023841238568586 0.9802001988799394
79.07887693767157 276.5905300484581
40.55135908812007 138.78536512366904
21.28760016334433 69.88278266127449
11.655720700956458 35.431491430077216
6.839780969762522 18.205845814478575
4.431811104165554 9.593023006679259
3.22782617136707 5.286611602779598
2.625833704967828 3.1334059008297688
2.324837471768207 2.056803049854854
2.1743393551683967 1.5185016243673968
2.0990902968684915 1.249350911623668
2.0614657677185386 1.1147755552518037
2.0426535031435624 1.0474878770658715
2.0332473708560745 1.0138440379729055
2.02854430471233 0.9970221184264224
2.026192771640458 0.9886111586531809
2.025017005104522 0.9844056787665602
2.025017005104522 0.9844056787665602
2.025017005104522 0.9844056787665602
35.43643243259947 241.7733798515406
18.730724718851995 121.37889276515358
10.37787086197826 61.18164922196007
6.20144393354139 31.083027450363314
4.113230469322956 16.033716564564937
3.069123737213739 8.509061121665749
2.5470703711591307 4.746733400216154
2.2860436881318265 2.865569539491357
2.1555303466181743 1.9249876091289586
2.090273675861348 1.4546966439477593
2.057645340482935 1.2195511613571597
2.0413311727937287 1.1019784200618599
2.0331740889491257 1.04319204941421
2.0290955470268237 1.013798864090385
2.027056276065673 0.9991022714284726
2.026036640585098 0.9917539750975164
2.026036640585098 0.9917539750975164
2.026036640585098 0.9917539750975164
-103.98588905943502 -531.9260650597369
-50.97992620942497 -265.46715554231963
-24.476944784419935 -132.23770078361107
-11.225454071917419 -65.62297340425678
-4.599708715666161 -32.31560971457963
-1.2868360375405312 -15.661927869741056
0.3696003015222833 -7.33508694732177
1.1978184710536905 -3.1716664861121266
1.6119275558193942 -1.0899562555073052
1.818982098202246 -0.04910114020489442
1.922509369393672 0.471326417446311
1.9742730049893848 0.7315401962719137
2.000154822787241 0.861647085684715
2.0130957316861697 0.9267005303911158
2.0195661861356338 0.9592272527443161
2.022801413360366 0.9754906139209162
2.0244190269727316 0.9836222945092163
2.025227833778915 0.9876881348033664
2.025227833778915 0.9876881348033664
2.025227833778915 0.9876881348033664
-10.080722567427115 107.62929192029759
-4.0277473668241 54.30849002755048
-1.0012597665225926 27.648089081176924
0.5119840336281611 14.317888607990145
1.268605933703538 7.652788371396755
1.6469168837412265 4.320238253100061
1.8360723587600707 2.6539631939517134
1.9306500962694928 1.82082566437754
1.9779389650242039 1.4042568995904532
2.0015833994015595 1.1959725171969098
2.013405616590237 1.091830326000138
2.019316725184576 1.0397592304017522
2.0222722794817454 1.0137236826025593
2.0237500566303304 1.0007059087029628
2.0237500566303304 1.0007059087029628
2.0237500566303304 1.0007059087029628
36.540956595861545 -610.8252351286642
19.282353326245936 -304.9122646099806
10.653051691438133 -151.9557793506388
6.338400874034232 -75.47753672096792
4.181075465332281 -37.23841540613248
3.1024127609813057 -18.11885474871476
2.563081408805818 -8.559074420005897
2.293415732718074 -3.779184255651468
2.1585828946742023 -1.3892391734742524
2.0911664756522663 -0.1942666323856448
2.0574582661412983 0.403219638158659
2.040604161385814 0.7019627734308109
2.0321771090080722 0.8513343410668869
2.0279635828192015 0.9260201248849249
2.025856819724766 0.9633630167939439
2.024803438177548 0.9820344627484533
2.024276747403939 0.9913701857257081
2.0240134020171348 0.9960380472143354
2.0240134020171348 0.9960380472143354
2.0240134020171348 0.9960380472143354
-46.15871683866411 255.86331841743223
-22.067351718323486 128.42967823232328
-10.021669158153177 64.71285813976881
-3.998827878068021 32.85444809349157
-0.9874072380254431 16.925243070352952
0.5183030819958458 8.960640558783645
1.2711582420064902 4.9783393029989895
1.6475858220118125 2.9871886751066627
1.8357996120144737 1.991613361160499
1.9299065070158041 1.4938257041874172
1.9769599545164696 1.2449318757008763
2.0004866782668023 1.1204849614576058
2.0122500401419683 1.0582615043359707
2.0181317210795515 1.027149775775153
2.021072561548343 1.0115939114947443
2.022542981782739 1.0038159793545398
2.0232781918999367 0.9999270132844377
2.0232781918999367 0.9999270132844377
2.0232781918999367 0.9999270132844377
-102.85814524935158 376.34066074487197
-50.41743352872582 188.6702938790782
-24.19707766841294 94.83511044618132
-11.086899738256502 47.917518729732876
-4.531810773178282 24.45872287150866
-1.254266290639173 12.729324942396548
0.38450595063038184 6.864625977840493
1.2038920712651593 3.932276495562465
1.613585131582548 2.4661017544234514
1.8184316617412424 1.7330143838539445
1.9208549268205894 1.366470698569191
1.972066559360263 1.1831988559268143
1.9976723756301 1.091562934605626
2.010475283765018 1.0457449739450317
2.0168767378324777 1.0228359936147347
2.020077464866207 1.011381503449586
2.021677828383072 1.005654258367012
2.0224780101415045 1.0027906358257248
2.0224780101415045 1.0027906358257248
2.0224780101415045 1.0027906358257248
-124.09445705954332 328.95029087776516
-61.0359895247009 164.97654075679546
-29.5067557572797 82.98966569631058
-13.742138873569097 41.99622816606816
-5.859830431713796 21.49950940094694
-1.918676210786146 11.251150018386333
0.0519008996776793 6.1269703271060285
1.037189454909592 3.5648804814658765
1.5298337325255482 2.2838355586458006
1.7761558713335264 1.6433130972357628
1.8993169407375154 1.3230518665307438
1.96089747543951 1.1629212511782343
1.9916877427905073 1.0828559435019796
2.007082876466006 1.0428232896638523
2.014780443303755 1.0228069627447884
2.01862922672263 1.0127987992852567
2.0205536184320674 1.0077947175554907
2.0205536184320674 1.0077947175554907
2.0205536184320674 1.0077947175554907
92.83791029052888 -333.1699151628454
47.42923195448048 -166.08106022264496
24.724892786456273 -82.53663275254475
13.37272320244417 -40.764419017494625
7.696638410438119 -19.878312149969567
4.8585960144350935 -9.435258716207038
3.43957481643358 -4.213731999325773
2.730064217432824 -1.6029686408851416
2.3753089179324456 -0.29758696166482546
2.1979312681822565 0.3551038779453326
2.1092424433071617 0.6814492977504116
2.0648980308696148 0.8446220076529511
2.042725824650841 0.9262083626042209
2.0316397215414543 0.9670015400798557
2.0260966699867606 0.9873981288176732
2.023325144209414 0.9975964231865819
2.021939381320741 1.0026955703710363
2.021939381320741 1.0026955703710363
2.021939381320741 1.0026955703710363
-100.19752110336039 248.69645166294225
-49.08779086101982 124.84957361665664
-23.53292573984954 62.926134593513844
-10.755493179264398 31.964415081942438
-4.366776898971829 16.483555326156736
-1.1724187588255441 8.743125448263887
0.4247603112475984 4.872910509317462
1.2233498462841697 2.937803039844249
1.6226446138024553 1.9702493051076426
1.822291997561598 1.4864724377393395
1.9221156894411695 1.2445840040551879
1.9720275353809553 1.123639787213112
1.9969834583508481 1.063167678792074
2.0094614198357945 1.0329316245815552
2.0157004005782677 1.0178135974762959
2.018819890949504 1.010254583923666
2.0203796361351225 1.0064750771473512
2.0203796361351225 1.0064750771473512
2.0203796361351225 1.0064750771473512
-132.18941856540286 238.07353979561253
-65.08451946463387 119.54000743637995
-31.532069914249373 60.27324125676365
-14.755845139057126 30.6398581669555
-6.367732751461001 15.823166622051426
-2.1736765576629393 8.414820849599389
-0.07664846076390841 4.71064796337337
0.971865587685607 2.8585615202603605
1.4961226119103648 1.9325182987038558
1.7582511240227436 1.4694966879256035
1.889315380078933 1.2379858825364773
1.9548475081070278 1.1222304798419143
1.987613572121075 1.0643527784946327
2.003996604128099 1.035413927820992
2.0121881201316105 1.0209445024841717
2.0162838781333665 1.0137097898157614
2.0183317571342445 1.0100924334815562
2.0183317571342445 1.0100924334815562
2.0183317571342445 1.0100924334815562
-140.79652168144125 184.25537682791995
-69.3890949621535 92.63273463070075
-33.68538160250963 46.82141353209115
-15.83352492268769 23.915752982786355
-6.907596582776723 12.462922708133956
-2.4446324128212393 6.736507570807756
-0.2131503278434974 3.873300002144656
0.9025907146453735 2.441696217813106
1.460461235889809 1.7258943256473311
1.7393964965120268 1.3679933795644437
1.8788641268231356 1.189042906523
1.94859794197869 1.099567670002278
1.9834648495564673 1.0548300517419171
2.000898303345356 1.0324612426117366
2.0096150302398 1.0212768380466464
2.0139733936870226 1.0156846357641014
2.0139733936870226 1.0156846357641014
2.0139733936870226 1.0156846357641014
278.6723024549773 -411.4132062850553
140.34313792433215 -205.1987608246456
71.17855565900959 -102.09153809444075
36.59626452634831 -50.537926729338324
19.305118960017666 -24.76112104678711
10.659546176852343 -11.872718205511505
6.336759785269683 -5.428516784873702
4.175366589478353 -2.2064160745548005
3.0946699915826876 -0.5953657193953494
2.554321692634855 0.21015945818437598
2.284147543160939 0.6129220469742387
2.149060468423981 0.81430334136917
2.0815169310555017 0.9149939885666357
2.047745162371262 0.9653393121653686
2.0308592780291423 0.990511973964735
2.0224163358580824 1.0030983048644182
2.0181948647725525 1.0093914703142597
2.0160841292297875 1.0125380530391805
2.0160841292297875 1.0125380530391805
2.0160841292297875 1.0125380530391805
-20.913681112065383 -27.336542523956496
-9.448798491417799 -13.162002235458656
-3.7163571810940055 -6.0747320912097384
-0.850136525932109 -2.531097019085279
0.5829738016488393 -0.7592794830230492
1.2995289654393134 0.1266292850080657
1.6578065473345505 0.5695836690236231
1.836945338282169 0.7910608610314018
1.9265147337559783 0.9017994570352912
1.971299431492883 0.9571687550372359
1.9936917803613352 0.9848534040382082
1.9936917803613352 0.9848534040382082
1.9936917803613352 0.9848534040382082
994.9439092231135 1408.7041486705607
498.4688005017374 704.8445010372994
250.23124614104935 352.91467722066886
126.11246896070534 176.94976531235352
64.05308037053334 88.96730935819586
33.02338607544734 44.976081381117034
17.508538927904336 22.980467392577623
9.751115354132835 11.982660398307916
5.872403567247085 6.483756901173062
3.9330476738042104 3.734305152605635
2.963369727082773 2.3595792783219216
2.478530753722054 1.6722163411800648
2.2361112670416947 1.3285348726091366
2.1149015237015147 1.1566941383236724
2.054296652031425 1.0707737711809402
2.02399421619638 1.0278135876095742
2.008842998278858 1.0063334958238912
2.0012673893200965 0.9955934499310497
1.9974795848407159 0.990223426984629
1.9974795848407159 0.990223426984629
1.9974795848407159 0.990223426984629
-178.68054621496682 -65.40068124490365
-88.34153331506305 -32.20522890895951
-43.172026865111164 -15.60750274098744
-20.587273640135226 -7.308639657001406
-9.294897027647254 -3.1592081150083886
-3.6487087214032696 -1.0844923440118799
-0.8256145682812768 -0.04713445851362541
0.5859325082797195 0.47154448423550177
1.2917060465602177 0.7308839556100654
1.6445928157004668 0.8605536912973472
1.8210362002705913 0.925388559140988
1.9092578925556536 0.9578059930628084
1.9533687386981846 0.9740147100237188
1.9754241617694503 0.9821190685041739
1.986451873305083 0.9861712477444013
1.9919657290728994 0.9881973373645152
1.9919657290728994 0.9881973373645152
1.9919657290728994 0.9881973373645152
77.13422515491966 161.69920089897022
39.56309544199628 81.34369911816736
20.77753058553459 41.165948227765945
11.384748157303743 21.077072782565228
6.688356943188322 11.032635059964871
4.340161336130611 6.010416198664694
3.166063532601755 3.4993067680146046
2.579014630837327 2.24375205268956
2.2854901799551133 1.6159746950270375
2.1387279545140063 1.3020860161957764
2.0653468417934526 1.145141676780146
2.028656285433176 1.0666695070723304
2.010311007253038 1.027433422218423
2.0011383681629686 1.007815379791469
1.996552048617934 0.9980063585779921
1.9942588888454167 0.9931018479712537
1.9942588888454167 0.9931018479712537
1.9942588888454167 0.9931018479712537
-161.9397882006597 22.339000622040523
-79.97276465590714 11.666051235005888
-38.98925288353087 6.329576541488571
-18.497496997342726 3.661339194729912
-8.251619054248653 2.3272205213505828
-3.1286800827016186 1.6601611846609183
-0.5672105969281009 1.326631516316086
0.7135241459586579 1.1598666821436698
1.3538915174020372 1.0764842650574618
1.674075203123727 1.0347930565143577
1.8341670459845718 1.0139474522428058
1.9142129674149944 1.0035246501070296
1.9542359281302055 0.9983132490391416
1.974247408487811 0.9957075485051977
1.984253148666614 0.9944046982382256
1.9892560187560153 0.9937532731047397
1.9892560187560153 0.9937532731047397
1.9892560187560153 0.9937532731047397
185.1900826208573 205.62908794062497
93.58966931980666 103.31142060686486
47.78946266928134 52.15258693998479
24.88935934401868 26.57317010654477
13.439307681387346 13.783461689824755
7.714281850071681 7.388607481464747
4.851768934413848 4.191180377284743
3.420512476584932 2.5924668251947414
2.7048842476704733 1.7931100491497407
2.3470701332132444 1.3934316611272402
2.16816307598463 1.1935924671159899
2.0787095473703228 1.0936728701103648
2.033982783063169 1.0437130716075522
2.0116194009095922 1.018733172356146
2.000437709832804 1.0062432227304428
1.9948468642944095 0.9999982479175913
1.9920514415252124 0.9968757605111654
1.990653730140614 0.9953145168079526
1.9899548744483146 0.9945338949563461
1.9899548744483146 0.9945338949563461
1.9899548744483146 0.9945338949563461
3.2445594775754545 121.47889427479568
2.6172571760118846 61.23671408487601
2.3036060252300996 31.11562398991618
2.1467804498392073 16.055078942436264
2.068367662143761 8.524806418696304
2.0291612682960376 4.759670156826325
2.0095580713721763 2.8771020258913356
1.9997564729102455 1.935817960423841
1.99485567367928 1.4651759276900935
1.9924052740637974 1.2298549113232198
1.991180074256056 1.112194403139783
1.9905674743521853 1.0533641490480645
1.99026117440025 1.0239490220022054
1.9901080244242824 1.0092414584792757
1.9900314494362985 1.0018876767178109
1.9899931619423066 0.9982107858370786
1.9899740181953105 0.9963723403967123
1.9899644463218127 0.9954531176765292
1.9899596603850636 0.9949935063164377
1.9899596603850636 0.9949935063164377
1.9899596603850636 0.9949935063164377
-11.070605672106616 -9.991805090258694
-4.540323005860776 -4.498405791971129
-1.2751816727378562 -1.7517061428273455
0.3573889938236037 -0.3783563182554539
1.1736743271043335 0.3083185940304919
1.5818169937446986 0.6516560501734647
1.785888327064881 0.8233247782449512
1.8879239937249723 0.9091591422806945
1.9389418270550178 0.952076324298566
1.9644507437200407 0.9735349153075019
1.9772052020525521 0.9842642108119698
1.983582431218808 0.9896288585642037
1.9867710458019356 0.9923111824403207
1.9883653530934997 0.9936523443783792
1.9891625067392815 0.9943229253474084
1.9895610835621726 0.994658215831923
1.989760371973618 0.9948258610741804
1.9898600161793407 0.9949096836953091
1.9899098382822022 0.9949515950058734
1.9899098382822022 0.9949515950058734
1.9899098382822022 0.9949515950058734
2.784963462235621 3.1582294382761518
2.3874366502589117 2.0765905166410126
2.1886732442705568 1.535771055823443
2.0892915412763795 1.2653613254146583
2.039600689779291 1.1301564602102658
2.0147552640307467 1.0625540276080696
2.0023325511564742 1.0287528113069715
1.9961211947193382 1.0118522031564223
1.9930155165007704 1.003401899081148
1.9914626773914863 0.9991767470435107
1.9906862578368443 0.997064171024692
1.9902980480595232 0.9960078830152826
1.9901039431708627 0.9954797390105781
1.9900068907265325 0.9952156670082257
1.9899583645043675 0.9950836310070496
1.9899341013932847 0.9950176130064614
1.9899219698377435 0.9949846040061674
1.989915904059973 0.9949680995060204
1.9899128711710876 0.9949598472559469
1.9899128711710876 0.9949598472559469
1.9899128711710876 0.9949598472559469
1.7922873099901067 0.6136396779862172
1.891100090580597 0.804299762621082
1.9405064808758423 0.8996298049385144
1.965209676023465 0.9472948260972307
1.9775612735972763 0.9711273366765888
1.983737072384182 0.9830435919662678
1.9868249717776347 0.9890017196111074
1.9883689214743612 0.9919807834335271
1.9891408963227244 0.993470315344737
1.989526883746906 0.994215081300342
1.9897198774589968 0.9945874642781444
1.9898163743150423 0.9947736557670457
1.989864622743065 0.9948667515114963
1.9898887469570763 0.9949132993837215
1.989900809064082 0.9949365733198342
1.9899068401175848 0.9949482102878906
1.9899098556443362 0.9949540287719187
1.989911363407712 0.9949569380139328
1.9899121172893997 0.9949583926349398
1.9899121172893997 0.9949583926349398
1.9899121172893997 0.9949583926349398
2.0264780243009555 1.0719568505541541
2.0081950707951775 1.033457621594547
1.9990535940422887 1.0142080071147435
1.994482855665844 1.0045831998748416
1.992197486477622 0.9997707962548907
1.9910548018835108 0.9973645944449152
1.9904834595864551 0.9961614935399276
1.9901977884379274 0.9955599430874337
1.9900549528636635 0.9952591678611867
1.9899835350765316 0.9951087802480633
1.9899478261829657 0.9950335864415015
1.9899299717361827 0.9949959895382207
1.989921044512791 0.9949771910865802
1.9899165809010955 0.99496779186076
1.9899143490952476 0.9949630922478498
1.9899132331923235 0.9949607424413949
1.9899126752408616 0.9949595675381673
1.9899123962651306 0.9949589800865536
1.9899122567772651 0.9949586863607467
1.9899122567772651 0.9949586863607467
1.9899122567772651 0.9949586863607467
1.9826571918598805 0.9796437310317799
1.9862847243185728 0.9873012086962634
1.988098490547919 0.991129947528505
1.9890053736625921 0.9930443169446258
1.9894588152199286 0.9940015016526863
1.9896855359985968 0.9944800940067164
1.989798896387931 0.9947193901837316
1.989855576582598 0.9948390382722392
1.9898839166799316 0.9948988623164929
1.9898980867285985 0.9949287743386198
1.9899051717529317 0.9949437303496832
1.9899087142650984 0.994951208355215
1.9899104855211818 0.9949549473579808
1.9899113711492236 0.9949568168593638
1.9899118139632443 0.9949577516100552
1.9899120353702546 0.9949582189854009
1.9899121460737599 0.9949584526730738
1.9899122014255126 0.9949585695169103
1.9899122291013889 0.9949586279388285
1.9899122291013889 0.9949586279388285
1.9899122291013889 0.9949586279388285
1.9913095186556184 0.997978272693619
1.9906108738785036 0.9964684503162238
1.9902615514899462 0.9957135391275261
1.9900868902956677 0.9953360835331774
1.9899995596985283 0.9951473557360029
1.9899558943999585 0.9950529918374157
1.9899340617506738 0.9950058098881222
1.9899231454260313 0.9949822189134753
1.98991768726371 0.9949704234261519
1.9899149581825495 0.9949645256824902
1.9899135936419692 0.9949615768106593
1.989912911371679 0.994960102374744
1.989912570236534 0.9949593651567862
1.9899123996689614 0.9949589965478074
1.9899123143851751 0.994958812243318
1.989912271743282 0.9949587200910732
1.9899122504223354 0.9949586740149509
1.9899122397618623 0.9949586509768896
1.9899122344316256 0.9949586394578591
1.9899122344316256 0.9949586394578591
1.9899122344316256 0.9949586394578591
1.9896745640332156 0.9943928459861822
1.9897933992324206 0.9946757427220206
1.989852816832023 0.9948171910899399
1.9898825256318244 0.9948879152738995
1.989897380031725 0.9949232773658793
1.9899048072316752 0.9949409584118692
1.9899085208316505 0.9949497989348641
1.989910377631638 0.9949542191963616
1.9899113060316318 0.9949564293271104
1.9899117702316287 0.9949575343924848
1.989912002331627 0.994958086925172
1.9899121183816264 0.9949583631915155
1.9899121764066259 0.9949585013246873
1.9899122054191258 0.9949585703912732
1.9899122199253756 0.9949586049245661
1.9899122271785006 0.9949586221912127
1.9899122308050632 0.9949586308245358
1.9899122326183443 0.9949586351411975
1.989912233524985 0.9949586372995283
1.9899122339783053 0.9949586383786937
1.9899122339783053 0.9949586383786937
1.9899122339783053 0.9949586383786937
1.9898399104881772 0.9947233192460984
1.9898760722332411 0.9948409788123961
1.9898941531057732 0.9948998085955448
1.9899031935420393 0.9949292234871193
1.9899077137601724 0.9949439309329065
1.9899099738692387 0.9949512846558001
1.989911103923772 0.9949549615172469
1.9899116689510388 0.9949567999479703
1.989911951464672 0.994957719163332
1.9899120927214886 0.9949581787710129
1.989912163349897 0.9949584085748533
1.989912198664101 0.9949585234767735
1.9899122163212033 0.9949585809277336
1.9899122251497543 0.9949586096532136
1.9899122295640297 0.9949586240159537
1.9899122317711675 0.9949586311973236
1.9899122328747365 0.9949586347880087
1.989912233426521 0.9949586365833512
1.989912233426521 0.9949586365833512
1.989912233426521 0.9949586365833512
1.9899631267238775 0.9952872760055607
1.9899376800751991 0.9951229562944559
1.9899249567508601 0.9950407964389035
1.9899185950886904 0.9949997165111273
1.9899154142576057 0.9949791765472392
1.9899138238420633 0.9949689065652952
1.989913028634292 0.9949637715743231
1.9899126310304065 0.9949612040788371
1.9899124322284638 0.9949599203310941
1.9899123328274924 0.9949592784572227
1.9899122831270066 0.994958957520287
1.9899122582767637 0.994958797051819
1.9899122458516423 0.9949587168175851
1.9899122396390816 0.9949586767004681
1.9899122365328012 0.9949586566419096
1.9899122349796612 0.9949586466126304
1.989912234203091 0.9949586415979907
1.9899122338148059 0.994958639090671
1.9899122336206634 0.9949586378370111
1.9899122335235921 0.9949586372101811
1.9899122335235921 0.9949586372101811
1.9899122335235921 0.9949586372101811
1.9899373150399158 0.9950995351030386
1.989924774281754 0.9950290861566099
1.989918503902673 0.9949938616833954
1.9899153687131326 0.9949762494467883
1.9899138011183624 0.9949674433284846
1.9899130173209774 0.9949630402693329
1.9899126254222848 0.9949608387397569
1.9899124294729384 0.9949597379749691
1.9899123314982652 0.9949591875925751
1.9899122825109288 0.994958912401378
1.9899122580172603 0.9949587748057795
1.9899122457704264 0.9949587060079803
1.9899122396470093 0.9949586716090807
1.9899122365853006 0.9949586544096309
1.9899122350544465 0.994958645809906
1.9899122342890192 0.9949586415100435
1.9899122339063058 0.9949586393601123
1.9899122337149489 0.9949586382851466
1.9899122337149489 0.9949586382851466
1.9899122337149489 0.9949586382851466
1.9898864219339205 0.9947708967557948
1.9898993278244346 0.9948647675204707
1.9899057807696918 0.9949117029028087
1.9899090072423202 0.9949351705939776
1.9899106204786345 0.9949469044395621
1.9899114270967917 0.9949527713623544
1.9899118304058703 0.9949557048237505
1.9899120320604096 0.9949571715544486
1.9899121328876792 0.9949579049197976
1.989912183301314 0.9949582716024721
1.9899122085081316 0.9949584549438094
1.98991222111154 0.994958546614478
1.9899122274132446 0.9949585924498123
1.9899122305640966 0.9949586153674794
1.9899122321395228 0.9949586268263131
1.9899122329272358 0.9949586325557298
1.9899122333210923 0.9949586354204383
1.9899122335180206 0.9949586368527924
1.9899122336164847 0.9949586375689695
1.9899122336164847 0.9949586375689695
1.9899122336164847 0.9949586375689695
1.9899129638811917 0.9950054812054638
1.9899125987488382 0.9949820593872166
1.9899124161826613 0.9949703484780931
1.9899123248995731 0.9949644930235313
1.9899122792580288 0.9949615652962505
1.9899122564372569 0.9949601014326099
1.9899122450268707 0.9949593695007898
1.9899122393216777 0.9949590035348796
1.9899122364690813 0.9949588205519245
1.989912235042783 0.994958729060447
1.9899122343296338 0.9949586833147083
1.9899122339730593 0.9949586604418389
1.9899122337947721 0.9949586490054042
1.9899122337056283 0.9949586432871869
1.9899122336610566 0.9949586404280782
1.9899122336387707 0.9949586389985239
1.9899122336276276 0.9949586382837466
1.9899122336220563 0.9949586379263581
1.9899122336192705 0.9949586377476638
1.9899122336178776 0.9949586376583167
1.989912233617181 0.9949586376136431
1.989912233617181 0.9949586376136431
1.989912233617181 0.9949586376136431
1.989912963881888 0.9950054812501374
1.9899125987495345 0.9949820594318902
1.9899124161833577 0.9949703485227667
1.9899123249002695 0.9949644930682049
1.9899122792587252 0.9949615653409241
1.9899122564379532 0.9949601014772835
1.989912245027567 0.9949593695454634
1.989912239322374 0.9949590035795532
1.9899122364697777 0.9949588205965981
1.9899122350434792 0.9949587291051206
1.9899122343303302 0.9949586833593819
1.9899122339737556 0.9949586604865125
1.9899122337954684 0.9949586490500778
1.9899122337063246 0.9949586433318605
1.989912233661753 0.9949586404727518
1.989912233639467 0.9949586390431975
1.989912233628324 0.9949586383284202
1.9899122336227526 0.9949586379710317
1.9899122336199668 0.9949586377923374
1.989912233618574 0.9949586377029903
1.9899122336178774 0.9949586376583167
1.9899122336175292 0.9949586376359799
1.9899122336173551 0.9949586376248115
1.989912233617268 0.9949586376192273
1.9899122336172246 0.9949586376164352
1.9899122336172028 0.9949586376150391
1.989912233617192 0.9949586376143411
1.9899122336171866 0.9949586376139922
1.9899122336171837 0.9949586376138176
1.9899122336171824 0.9949586376137304
1.9899122336171817 0.9949586376136867
1.9899122336171815 0.9949586376136649
1.9899122336171813 0.994958637613654
1.989912233617181 0.9949586376136486
1.989912233617181 0.9949586376136459
1.989912233617181 0.9949586376136444
1.989912233617181 0.9949586376136438
1.989912233617181 0.9949586376136434
1.989912233617181 0.9949586376136434
1.989912233617181 0.9949586376136434
