5 2
4.962189957653207 1.984924623115578
4.981102219652029 1.9923986686876412
4.971515135318924 1.988672279740244
4.976294131295724 1.9905282944969414
4.973895576473992 1.989608113937033
4.975089250629364 1.9900675805169412
4.974491212177385 1.9898332739842672
4.974791419256495 1.9899516999806068
4.9746412335925685 1.9898932410305716
4.974716404790575 1.9899219494887204
4.974678852358357 1.9899074459868011
4.974697659887257 1.9899147218542237
4.974688256347134 1.9899109701821667
4.974692962257412 1.9899128801041177
4.974690605000649 1.989911912904951
4.974691783903143 1.9899123944472723
4.974691194359873 1.9899121519850858
4.974691489346767 1.989912274356032
4.974691341456378 1.9899122134675655
4.974691415707278 1.9899122438038448
4.974691378459452 1.9899122290910187
4.974691397175109 1.9899122360900956
4.9746913876495125 1.989912232694828
4.97469139261595 1.989912234279286
4.974691390042654 1.989912233136476
4.974691391142668 1.9899122340535482
4.974691390775996 1.9899122336042754
4.9746913909593315 1.9899122338289117
4.9746913909593315 1.9899122336025605
4.9746913909593315 1.9899122338260682
4.9746913907756936 1.9899122335968
4.974691390959181 1.9899122338220052
4.974691390775391 1.989912233368148
4.974691390957324 1.9899122340485624
4.974691390590955 1.9899122338216337
4.974691391323693 1.9899122333677766
4.9746913907727786 1.98991223404683
4.9746913907727786 1.9899122335975572
4.9746913907727786 1.9899122340514144
4.9746913907727786 1.9899122335963964
4.9746913907727786 1.9899122338239053
