5 2
6.795395615764087 1.1187766555014793
6.795395615764087 1.1187766555014793
6.795395615764087 1.1187766555014793
6.9072497597439195 5.167331582206324
6.851322687754004 3.1430541188539016
6.823359151759045 2.1309153871776907
6.809377383761566 1.624846021339585
6.802386499762826 1.3718113384205322
6.7988910577634565 1.2452939969610057
6.7988910577634565 1.2452939969610057
6.7988910577634565 1.2452939969610057
8.35766972592363 -4.60880968814218
7.578280391843543 -1.6817578455905868
7.1885857248035 -0.21823192431479055
6.993738391283478 0.5135310363231076
6.896314724523467 0.8794125166420567
6.847602891143462 1.0623532568015313
6.823246974453459 1.1538236268812685
6.8110690161084575 1.1995588119211371
6.804980036935957 1.2224264044410713
6.804980036935957 1.2224264044410713
6.804980036935957 1.2224264044410713
8.412387659986587 -1.4295300514160267
7.608683848461272 -0.10355182348747771
7.2068319426986145 0.5594372904767968
7.005905989817286 0.8909318474589341
6.905443013376622 1.0566791259500028
6.855211525156289 1.139552765195537
6.830095781046123 1.180989584818304
6.81753790899104 1.2017079946296878
6.811258972963499 1.2120671995353796
6.811258972963499 1.2120671995353796
6.811258972963499 1.2120671995353796
8.267389375265498 -0.19048312602915685
7.5393241741144985 0.5107920367531114
7.175291573538999 0.8614296181442455
6.993275273251249 1.0367484088398125
6.902267123107373 1.124407804187596
6.856763048035436 1.168237501861488
6.834011010499467 1.1901523506984337
6.8226349917314835 1.2011097751169066
6.8226349917314835 1.2011097751169066
6.8226349917314835 1.2011097751169066
6.241939411063928 2.255260828310007
6.532287201397706 1.7281853017134567
6.677461096564595 1.4646475384151816
6.750048044148039 1.3328786567660442
6.7863415179397615 1.2669942159414753
6.804488254835622 1.234051995529191
6.813561623283553 1.2175808853230488
6.818098307507518 1.2093453302199777
6.818098307507518 1.2093453302199777
6.818098307507518 1.2093453302199777
6.989890908506803 1.5950288711285145
6.90399460800716 1.4021871006742461
6.86104645775734 1.305766215447112
6.839572382632428 1.2575557728335447
6.839572382632428 1.2575557728335447
6.839572382632428 1.2575557728335447
6.988735960639138 -1.6368961234541417
6.914154171635784 -0.1896701753102985
6.876863277134106 0.5339427987616231
6.858217829883267 0.895749285797584
6.848895106257848 1.0766525293155642
6.844233744445138 1.1671041510745546
6.841903063538783 1.2123299619540495
6.8407377230856055 1.2349428673937972
6.8407377230856055 1.2349428673937972
6.8407377230856055 1.2349428673937972
7.4170696858035905 0.8723038072894207
7.128903704444598 1.0536233373416088
6.984820713765101 1.1442831023677031
6.912779218425354 1.1896129848807502
6.87675847075548 1.2122779261372736
6.858748096920542 1.2236103967655354
6.849742910003074 1.2292766320796664
6.849742910003074 1.2292766320796664
6.849742910003074 1.2292766320796664
6.598227990648291 2.047920498345202
6.723985450325682 1.6385985652124342
6.786864180164378 1.4339375986460503
6.818303545083726 1.3316071153628584
6.8340232275434 1.2804418737212624
6.841883068773237 1.2548592529004643
6.845812989388155 1.2420679424900654
6.847777949695614 1.235672287284866
6.847777949695614 1.235672287284866
6.847777949695614 1.235672287284866
7.437477540574731 1.2376454819564904
7.142627745135173 1.236658884620678
6.995202847415394 1.236165585952772
6.921490398555504 1.235918936618819
6.8846341741255594 1.2357956119518425
6.866206061910587 1.2357339496183544
6.8569920058031 1.23570311845161
6.8569920058031 1.23570311845161
6.8569920058031 1.23570311845161
6.322190647462501 2.1229948094161144
6.5895913266328 1.6793489639338621
6.723291666217951 1.4575260411927362
6.790141836010525 1.3466145798221731
6.823566920906813 1.2911588491368915
6.840279463354957 1.2634309837942508
6.8486357345790285 1.2495670511229304
6.852813870191064 1.2426350847872702
6.854902937997082 1.2391691016194402
6.854902937997082 1.2391691016194402
6.854902937997082 1.2391691016194402
7.087043907532576 1.4374601011945605
6.970973422764829 1.3383146014070002
6.912938180380955 1.2887418515132203
6.8839205591890185 1.2639554765663301
6.86941174859305 1.2515622890928852
6.862157343295066 1.2453656953561627
6.858530140646074 1.2422673984878014
6.856716539321578 1.2407182500536207
6.856716539321578 1.2407182500536207
6.856716539321578 1.2407182500536207
6.894946506050651 1.3124523079318582
6.875831522686115 1.2765852789927394
6.866274031003846 1.25865176452318
6.861495285162712 1.2496850072884005
6.859105912242145 1.2452016286710106
6.857911225781861 1.2429599393623156
6.85731388255172 1.241839094707968
6.857015210936649 1.2412786723807945
6.857015210936649 1.2412786723807945
6.857015210936649 1.2412786723807945
6.88759570121732 1.2210820899742691
6.872305456076984 1.2311803811775317
6.864660333506817 1.2362295267791632
6.860837772221733 1.2387540995799788
6.858926491579191 1.2400163859803865
6.85797085125792 1.2406475291805905
6.857493031097285 1.2409631007806925
6.857254121016967 1.2411208865807435
6.857134665976808 1.241199779480769
6.857134665976808 1.241199779480769
6.857134665976808 1.241199779480769
6.853438992723693 1.250585601227228
6.855286829350251 1.2458926903539986
6.856210747663529 1.2435462349173838
6.856672706820169 1.2423730071990764
6.856903686398488 1.2417863933399227
6.857019176187649 1.2414930864103457
6.857076921082228 1.2413464329455575
6.857105793529518 1.2412731062131632
6.857120229753163 1.241236442846966
6.857120229753163 1.241236442846966
6.857120229753163 1.241236442846966
6.8603630978330115 1.2411160331885709
6.858741663793087 1.2411762380177684
6.857930946773125 1.2412063404323672
6.857525588263144 1.2412213916396666
6.857322909008154 1.2412289172433162
6.857221569380658 1.2412326800451412
6.857170899566911 1.2412345614460536
6.857145564660037 1.2412355021465098
6.857132897206601 1.241235972496738
6.857132897206601 1.241235972496738
6.857132897206601 1.241235972496738
6.8575566607982354 1.242525620943948
6.8573447790024185 1.241880796720343
6.857238838104509 1.2415583846085405
6.857185867655555 1.2413971785526392
6.857159382431078 1.2413165755246884
6.857146139818839 1.2412762740107133
6.85713951851272 1.2412561232537256
6.85713620785966 1.2412460478752316
6.85713620785966 1.2412460478752316
6.85713620785966 1.2412460478752316
6.857876289123608 1.2406745333620823
6.857506248491634 1.240960290618657
6.857321228175647 1.2411031692469443
6.857228718017653 1.241174608561088
6.857182462938656 1.2412103282181597
6.8571593353991585 1.2412281880466958
6.857147771629409 1.2412371179609636
6.857141989744535 1.2412415829180976
6.857139098802097 1.2412438153966647
6.857139098802097 1.2412438153966647
6.857139098802097 1.2412438153966647
6.857016879264454 1.2414587150220704
6.857077989033276 1.2413512652093674
6.857108543917686 1.2412975403030162
6.857123821359892 1.2412706778498404
6.8571314600809945 1.2412572466232525
6.857135279441546 1.2412505310099586
6.857137189121822 1.2412471732033117
6.85713814396196 1.2412454942999882
6.8571386213820285 1.2412446548483265
6.8571386213820285 1.2412446548483265
6.8571386213820285 1.2412446548483265
6.857207361821709 1.2412267188693935
6.857172991601869 1.2412356868588599
6.8571558064919484 1.2412401708535932
6.8571472139369885 1.2412424128509598
6.857142917659509 1.2412435338496433
6.857140769520768 1.2412440943489849
6.857139695451399 1.2412443745986557
6.857139158416714 1.241244514723491
6.857138889899371 1.2412445847859088
6.857138889899371 1.2412445847859088
6.857138889899371 1.2412445847859088
6.8571416413545565 1.241269912339289
6.857140265626963 1.2412572485625988
6.857139577763167 1.2412509166742538
6.857139233831269 1.2412477507300814
6.85713906186532 1.2412461677579951
6.8571389758823456 1.241245376271952
6.857138932890859 1.2412449805289303
6.857138911395115 1.2412447826574196
6.857138911395115 1.2412447826574196
6.857138911395115 1.2412447826574196
6.857157413664488 1.2412289560740044
6.857148162529802 1.241236869365712
6.857143536962458 1.2412408260115657
6.857141224178787 1.2412428043344927
6.8571400677869505 1.2412437934959561
6.857139489591033 1.2412442880766879
6.857139200493074 1.2412445353670536
6.857139055944095 1.2412446590122366
6.857138983669604 1.241244720834828
6.857138983669604 1.241244720834828
6.857138983669604 1.241244720834828
6.857135311631448 1.2412499787236977
6.857137147650526 1.2412473497792629
6.857138065660066 1.2412460353070456
6.857138524664835 1.2412453780709367
6.857138754167219 1.2412450494528824
6.857138868918412 1.2412448851438553
6.857138926294009 1.2412448029893417
6.8571389549818065 1.2412447619120848
6.857138969325705 1.2412447413734564
6.857138969325705 1.2412447413734564
6.857138969325705 1.2412447413734564
6.857140558990034 1.241244000083916
6.8571397641578695 1.2412443707286862
6.857139366741787 1.2412445560510712
6.857139168033746 1.241244648712264
6.857139068679725 1.2412446950428602
6.857139019002715 1.2412447182081583
6.8571389941642105 1.2412447297908074
6.857138981744957 1.2412447355821319
6.857138981744957 1.2412447355821319
6.857138981744957 1.2412447355821319
6.857137341003742 1.2412461743759433
6.85713816137435 1.2412454549790377
6.857138571559654 1.2412450952805847
6.857138776652305 1.2412449154313583
6.857138879198631 1.2412448255067452
6.857138930471795 1.2412447805444384
6.8571389561083755 1.2412447580632853
6.857138968926667 1.2412447468227086
6.857138975335812 1.2412447412024201
6.857138975335812 1.2412447412024201
6.857138975335812 1.2412447412024201
6.857139239695116 1.2412446748580697
6.857139107515464 1.241244708030245
6.857139041425638 1.2412447246163325
6.8571390083807255 1.2412447329093763
6.857138991858268 1.241244737055898
6.85713898359704 1.2412447391291592
6.857138979466426 1.2412447401657896
6.857138979466426 1.2412447401657896
6.857138979466426 1.2412447401657896
6.857138279512594 1.241245144056784
6.85713862948951 1.2412449421112868
6.857138804477969 1.2412448411385382
6.857138891972197 1.2412447906521638
6.857138935719312 1.2412447654089767
6.857138957592869 1.241244752787383
6.8571389685296475 1.2412447464765863
6.857138973998037 1.241244743321188
6.857138976732231 1.2412447417434889
6.857138978099329 1.2412447409546392
6.857138978782878 1.2412447405602143
6.8571389791246515 1.241244740363002
6.8571389791246515 1.241244740363002
6.8571389791246515 1.241244740363002
6.857138314717889 1.2412452494473158
6.85713864692127 1.241244994905159
6.857138813022961 1.2412448676340804
6.857138896073806 1.2412448039985413
6.857138937599229 1.2412447721807716
6.85713895836194 1.241244756271887
6.857138968743296 1.2412447483174445
6.857138973933973 1.2412447443402232
6.857138973933973 1.2412447443402232
6.857138973933973 1.2412447443402232
6.85713992323417 1.241243593186702
6.857139448584072 1.2412441687634626
6.857139211259023 1.241244456551843
6.857139092596498 1.2412446004460331
6.857139033265236 1.241244672393128
6.857139003599604 1.2412447083666758
6.857138988766789 1.2412447263534494
6.857138981350381 1.2412447353468363
6.857138977642177 1.2412447398435298
6.857138975788075 1.2412447420918766
6.857138975788075 1.2412447420918766
6.857138975788075 1.2412447420918766
6.857139309745707 1.2412443159380013
6.857139142766891 1.241244529014939
6.8571390592774835 1.241244635553408
6.857139017532779 1.2412446888226423
6.857138996660427 1.2412447154572595
6.8571389862242516 1.241244728774568
6.857138981006163 1.2412447354332223
6.857138978397119 1.2412447387625494
6.857138977092597 1.2412447404272131
6.8571389764403365 1.2412447412595449
6.857138976114205 1.2412447416757106
6.857138976114205 1.2412447416757106
6.857138976114205 1.2412447416757106
6.857139138836614 1.2412445867241284
6.857139057475409 1.2412446641999195
6.857139016794807 1.241244702937815
6.857138996454506 1.2412447223067629
6.857138986284356 1.2412447319912367
6.857138981199281 1.2412447368334738
6.857138978656743 1.2412447392545922
6.857138977385474 1.2412447404651514
6.857138977385474 1.2412447404651514
6.857138977385474 1.2412447404651514
6.857138718030482 1.2412450337822283
6.857138847707978 1.2412448871236899
6.857138912546726 1.2412448137944208
6.8571389449661 1.241244777129786
6.857138961175787 1.2412447587974687
6.85713896928063 1.2412447496313102
6.857138973333052 1.2412447450482307
6.857138975359263 1.241244742756691
6.857138976372369 1.2412447416109214
6.857138976878921 1.2412447410380363
6.857138976878921 1.2412447410380363
6.857138976878921 1.2412447410380363
6.857138919301909 1.2412446413734128
6.857138948090415 1.2412446912057244
6.857138962484668 1.2412447161218805
6.857138969681794 1.2412447285799584
6.857138973280358 1.2412447348089972
6.857138975079639 1.2412447379235167
6.857138975079639 1.2412447379235167
6.857138975079639 1.2412447379235167
6.8571389410283805 1.2412452029263625
6.85713895805401 1.2412449704249395
6.857138966566825 1.2412448541742283
6.8571389708232315 1.2412447960488724
6.857138972951436 1.2412447669861946
6.8571389740155375 1.2412447524548558
6.857138974547588 1.2412447451891861
6.857138974813614 1.2412447415563514
6.857138974813614 1.2412447415563514
6.857138974813614 1.2412447415563514
6.857139440950898 1.2412442822303007
6.8571392078822555 1.2412445118933262
6.857139091347935 1.2412446267248387
6.857139033080775 1.241244684140595
6.857139003947194 1.2412447128484734
6.857138989380404 1.2412447272024123
6.857138982097009 1.241244734379382
6.857138978455311 1.2412447379678666
6.857138976634462 1.2412447397621091
6.857138976634462 1.2412447397621091
6.857138976634462 1.2412447397621091
6.857138805399239 1.2412450109644027
6.8571388910168505 1.241244875363256
6.857138933825657 1.2412448075626825
6.8571389552300595 1.241244773662396
6.85713896593226 1.2412447567122524
6.857138971283361 1.241244748237181
6.857138973958912 1.241244743999645
6.857138975296687 1.241244741880877
6.857138975965575 1.241244740821493
6.857138975965575 1.241244740821493
6.857138975965575 1.241244740821493
6.857139086115285 1.2412447131780138
6.85713903104043 1.2412447269997533
6.857139003503002 1.2412447339106232
6.857138989734289 1.2412447373660582
6.857138982849932 1.2412447390937755
6.857138979407753 1.2412447399576343
6.857138979407753 1.2412447399576343
6.857138979407753 1.2412447399576343
6.85713825742398 1.2412451493773244
6.857138618415866 1.2412449446674794
6.8571387989118096 1.2412448423125568
6.857138889159781 1.2412447911350957
6.857138934283768 1.241244765546365
6.85713895684576 1.2412447527519996
6.8571389681267565 1.2412447463548169
6.857138973767255 1.2412447431562257
6.857138976587504 1.2412447415569299
6.857138977997629 1.2412447407572822
6.85713897870269 1.2412447403574582
6.857138979055222 1.2412447401575462
6.857138979055222 1.2412447401575462
6.857138979055222 1.2412447401575462
6.857138389251101 1.241245116405061
6.857138684153161 1.2412449282813036
6.857138831604192 1.2412448342194249
6.857138905329706 1.2412447871884855
6.8571389421924644 1.241244763673016
6.857138960623843 1.241244751915281
6.857138969839532 1.2412447460364135
6.857138974447377 1.24124474309698
6.857138976751299 1.241244741627263
6.857138976751299 1.241244741627263
6.857138976751299 1.241244741627263
6.8571389632341715 1.2412446309052478
6.857138969992736 1.2412446862662554
6.857138973372018 1.241244713946759
6.857138975061658 1.2412447277870111
6.857138975906479 1.241244734707137
6.857138975906479 1.241244734707137
6.857138975906479 1.241244734707137
6.857138494239376 1.24124599673078
6.857138735072928 1.2412453657189584
6.857138855489703 1.2412450502130477
6.8571389156980915 1.2412448924600923
6.857138945802285 1.2412448135836147
6.857138960854382 1.2412447741453758
6.857138968380431 1.2412447544262564
6.857138972143455 1.2412447445666965
6.857138974024967 1.2412447396369168
6.857138974024967 1.2412447396369168
6.857138974024967 1.2412447396369168
6.8571393840810515 1.2412447508424065
6.857139179053009 1.2412447452396618
6.857139076538989 1.2412447424382893
6.8571390252819775 1.241244741037603
6.857138999653473 1.24124474033726
6.85713898683922 1.2412447399870883
6.857138980432094 1.2412447398120026
6.85713897722853 1.2412447397244597
6.857138975626749 1.2412447396806883
6.857138975626749 1.2412447396806883
6.857138975626749 1.2412447396806883
6.857139085776459 1.241244712037209
6.857139030701604 1.2412447258589485
6.857139003164177 1.2412447327698184
6.857138989395463 1.2412447362252534
6.857138982511106 1.2412447379529707
6.857138979068927 1.2412447388168295
6.857138979068927 1.2412447388168295
6.857138979068927 1.2412447388168295
6.8571382095167674 1.2412455025173499
6.857138594292848 1.2412451206670896
6.8571387866808875 1.2412449297419597
6.857138882874907 1.2412448342793945
6.857138930971917 1.241244786548112
6.857138955020422 1.2412447626824707
6.8571389670446745 1.2412447507496502
6.857138973056801 1.2412447447832398
6.857138976062864 1.2412447418000347
6.857138977565896 1.2412447403084321
6.857138977565896 1.2412447403084321
6.857138977565896 1.2412447403084321
6.857138726723719 1.241244917374798
6.857138852144807 1.241244828841615
6.857138914855351 1.2412447845750236
6.857138946210624 1.2412447624417278
6.85713896188826 1.24124475137508
6.857138969727078 1.2412447458417561
6.857138973646487 1.2412447430750941
6.857138975606191 1.2412447416917631
6.857138975606191 1.2412447416917631
6.857138975606191 1.2412447416917631
6.8571392569911245 1.2412444428459906
6.857139116298658 1.2412445922688768
6.857139045952425 1.24124466698032
6.857139010779308 1.2412447043360415
6.857138993192749 1.2412447230139023
6.85713898439947 1.2412447323528328
6.857138980002831 1.2412447370222979
6.857138977804511 1.2412447393570305
6.857138977804511 1.2412447393570305
6.857138977804511 1.2412447393570305
6.857138533697169 1.241245193154386
6.85713875575084 1.2412449662557081
6.857138866777675 1.2412448528063693
6.857138922291093 1.2412447960817
6.857138950047802 1.2412447677193652
6.857138963926157 1.2412447535381979
6.857138970865334 1.2412447464476142
6.857138974334923 1.2412447429023223
6.857138976069717 1.2412447411296765
6.857138976069717 1.2412447411296765
6.857138976069717 1.2412447411296765
6.857139072702299 1.241244602764182
6.857139024386008 1.2412446719469292
6.857139000227862 1.241244706538303
6.857138988148789 1.2412447238339896
6.8571389821092525 1.2412447324818332
6.857138979089485 1.2412447368057549
6.8571389775796 1.2412447389677157
6.8571389775796 1.2412447389677157
6.8571389775796 1.2412447389677157
6.857138524959444 1.2412453090157824
6.857138751269522 1.2412450239917492
6.857138864424561 1.2412448814797323
6.857138921002081 1.2412448102237241
6.857138949290841 1.2412447745957198
6.8571389634352204 1.2412447567817178
6.85713897050741 1.2412447478747168
6.857138974043505 1.2412447434212162
6.857138975811552 1.241244741194466
6.857138976695577 1.2412447400810909
6.857138977137589 1.2412447395244033
6.857138977358594 1.2412447392460595
6.857138977358594 1.2412447392460595
6.857138977358594 1.2412447392460595
6.85713862137102 1.2412451709286314
6.857138799364807 1.2412449550873454
6.857138888361701 1.2412448471667026
6.857138932860147 1.241244793206381
6.85713895510937 1.2412447662262203
6.857138966233983 1.2412447527361399
6.857138971796288 1.2412447459910996
6.857138974577441 1.2412447426185795
6.857138974577441 1.2412447426185795
6.857138974577441 1.2412447426185795
6.857139550864435 1.2412442556490497
6.857139262720938 1.2412444991338147
6.857139118649189 1.2412446208761971
6.857139046613315 1.2412446817473883
6.857139010595378 1.241244712182984
6.8571389925864095 1.2412447274007816
6.857138983581925 1.2412447350096807
6.857138979079683 1.24124473881413
6.857138976828562 1.2412447407163547
6.857138976828562 1.2412447407163547
6.857138976828562 1.2412447407163547
6.85713884464891 1.24124477388853
6.857138910738736 1.2412447573024423
6.8571389437836485 1.2412447490093985
6.857138960306106 1.2412447448628765
6.857138968567334 1.2412447427896156
6.857138972697948 1.2412447417529853
6.857138974763255 1.2412447412346699
6.857138974763255 1.2412447412346699
6.857138974763255 1.2412447412346699
6.85713934927227 1.2412446472468401
6.857139162017762 1.241244694240755
6.8571390683905085 1.2412447177377124
6.857139021576882 1.2412447294861912
6.857138998170068 1.2412447353604306
6.857138986466662 1.2412447382975502
6.857138980614958 1.24124473976611
6.8571389776891065 1.24124474050039
6.8571389776891065 1.24124474050039
6.8571389776891065 1.24124474050039
6.857138713329802 1.2412448068447404
6.857138845509454 1.2412447736725651
6.8571389115992805 1.2412447570864775
6.857138944644193 1.2412447487934337
6.85713896116665 1.2412447446469117
6.857138969427878 1.2412447425736508
6.8571389735584924 1.2412447415370205
6.8571389756237995 1.241244741018705
6.8571389766564526 1.2412447407595475
6.85713897717278 1.2412447406299687
6.85713897717278 1.2412447406299687
6.85713897717278 1.2412447406299687
6.85713879242043 1.2412449011102469
6.857138884796605 1.2412448208701077
6.857138930984692 1.2412447807500382
6.857138954078736 1.2412447606900034
6.857138965625758 1.2412447506599862
6.857138971399269 1.2412447456449773
6.857138974286024 1.2412447431374731
6.857138975729402 1.241244741883721
6.8571389764510915 1.2412447412568448
6.857138976811935 1.2412447409434066
6.857138976811935 1.2412447409434066
6.857138976811935 1.2412447409434066
6.857138888692167 1.2412447630581902
6.8571389327520516 1.2412447520007983
6.857138954781993 1.2412447464721026
6.857138965796964 1.2412447437077545
6.85713897130445 1.2412447423255806
6.85713897130445 1.2412447423255806
6.85713897130445 1.2412447423255806
6.857140300117975 1.2412437241569538
6.857139635711213 1.2412442332412672
6.857139303507831 1.2412444877834239
6.857139137406141 1.2412446150545022
6.8571390543552955 1.2412446786900415
6.857139012829873 1.241244710507811
6.857138992067162 1.2412447264166957
6.8571389816858055 1.2412447343711381
6.857138976495128 1.2412447383483594
6.857138973899789 1.24124474033697
6.857138973899789 1.24124474033697
6.857138973899789 1.24124474033697
6.857139480588456 1.241244613176965
6.857139227244122 1.2412446767569674
6.857139100571956 1.2412447085469687
6.857139037235872 1.2412447244419693
6.857139005567831 1.2412447323894698
6.85713898973381 1.2412447363632197
6.857138981816799 1.2412447383500949
6.857138977858295 1.2412447393435324
6.8571389758790415 1.2412447398402513
6.8571389758790415 1.2412447398402513
6.8571389758790415 1.2412447398402513
6.85713897237054 1.2412450830636892
6.857138974124791 1.2412449114519701
6.8571389750019165 1.2412448256461108
6.857138975440479 1.241244782743181
6.85713897565976 1.2412447612917161
6.857138975769401 1.2412447505659838
6.857138975824221 1.2412447452031174
6.8571389758516315 1.2412447425216844
6.8571389758516315 1.2412447425216844
6.8571389758516315 1.2412447425216844
6.857139213176681 1.2412444547333037
6.857139094514156 1.241244598627494
6.857139035182894 1.2412446705745892
6.857139005517262 1.241244706548137
6.857138990684447 1.2412447245349105
6.857138983268039 1.2412447335282975
6.857138979559835 1.241244738024991
6.857138977705733 1.2412447402733378
6.857138977705733 1.2412447402733378
6.857138977705733 1.2412447402733378
6.8571386387437885 1.241244939454487
6.857138808224761 1.2412448398639124
6.857138892965247 1.241244790068625
6.85713893533549 1.2412447651709815
6.857138956520612 1.2412447527221595
6.857138967113173 1.2412447464977487
6.8571389724094525 1.2412447433855431
6.8571389724094525 1.2412447433855431
6.8571389724094525 1.2412447433855431
6.857140124983441 1.2412437694464842
6.857139548696447 1.2412442564160135
6.85713926055295 1.2412444999007783
6.857139116481201 1.2412446216431607
6.857139044445327 1.241244682514352
6.8571390084273895 1.2412447129499475
6.857138990418421 1.2412447281677454
6.857138981413937 1.2412447357766443
6.857138976911695 1.2412447395810937
6.857138976911695 1.2412447395810937
6.857138976911695 1.2412447395810937
6.857138792159344 1.241244900061372
6.8571388845355195 1.241244819821233
6.857138930723607 1.2412447797011632
6.857138953817651 1.2412447596411285
6.857138965364673 1.2412447496111112
6.857138971138184 1.2412447445961023
6.857138974024939 1.2412447420885981
6.857138975468317 1.241244740834846
6.857138976190006 1.2412447402079698
6.857138976190006 1.2412447402079698
6.857138976190006 1.2412447402079698
6.85713902024989 1.2412447291505782
6.857138998219948 1.2412447346792739
6.857138987204977 1.241244737443622
6.857138981697491 1.241244738825796
6.857138981697491 1.241244738825796
6.857138981697491 1.241244738825796
6.85713763936684 1.2412456462724086
6.857138310532165 1.2412451925491024
6.857138646114828 1.2412449656874491
6.85713881390616 1.2412448522566224
6.857138897801826 1.2412447955412091
6.8571389397496585 1.2412447671835025
6.857138960723574 1.2412447530046493
6.857138971210533 1.2412447459152225
6.857138976454012 1.2412447423705093
6.857138979075752 1.2412447405981526
6.857138979075752 1.2412447405981526
6.857138979075752 1.2412447405981526
6.857138397784445 1.2412450005949562
6.857138688430099 1.2412448705965544
6.857138833752925 1.2412448055973535
6.857138906414338 1.2412447730977532
6.8571389427450455 1.2412447568479528
6.857138960910398 1.2412447487230527
6.857138969993075 1.2412447446606028
6.857138974534414 1.2412447426293776
6.857138974534414 1.2412447426293776
6.857138974534414 1.2412447426293776
6.857139581364165 1.241244133880441
6.8571392779492895 1.2412444382549093
6.857139126241852 1.2412445904421434
6.857139050388133 1.2412446665357606
6.857139012461273 1.241244704582569
6.857138993497844 1.2412447236059734
6.857138984016129 1.2412447331176755
6.8571389792752715 1.2412447378735265
6.857138976904842 1.241244740251452
6.857138976904842 1.241244740251452
6.857138976904842 1.241244740251452
6.857138858242318 1.2412448841456425
6.85713891757358 1.241244812198547
6.8571389472392115 1.2412447762249996
6.8571389620720264 1.2412447582382258
6.857138969488434 1.2412447492448389
6.857138973196639 1.2412447447481454
6.857138973196639 1.2412447447481454
6.857138973196639 1.2412447447481454
6.857140068193615 1.241243671144464
6.857139520695127 1.2412442079463046
6.8571392469458825 1.241244476347225
6.857139110071261 1.2412446105476853
6.85713904163395 1.2412446776479154
6.857139007415294 1.2412447111980303
6.857138990305967 1.2412447279730878
6.857138981751302 1.2412447363606167
6.857138977473971 1.241244740554381
6.857138977473971 1.241244740554381
6.857138977473971 1.241244740554381
6.857138726631795 1.2412449176207467
6.857138852052882 1.2412448290875637
6.857138914763427 1.2412447848209724
6.857138946118699 1.2412447626876766
6.857138961796335 1.2412447516210288
6.8571389696351535 1.241244746087705
6.857138973554562 1.241244743321043
6.857138975514267 1.241244741937712
6.857138975514267 1.241244741937712
6.857138975514267 1.241244741937712
6.857139278929142 1.2412444375632437
6.857139127221704 1.2412445897504778
6.8571390513679855 1.2412446658440948
6.857139013441126 1.2412447038909034
6.857138994477697 1.2412447229143078
6.857138984995982 1.2412447324260099
6.857138980255124 1.241244737181861
6.857138977884695 1.2412447395597863
6.857138976699481 1.2412447407487492
6.857138976699481 1.2412447407487492
6.857138976699481 1.2412447407487492
