5 2
5.523177204059819 1.7432120467049428
5.885953516737736 2.3474122250070764
5.8523444979521475 2.155778986593775
5.895540853757131 2.268503402362936
5.859316622964816 2.2133256222906073
5.875325820170689 2.2324403429869815
5.869647173945349 2.226546483643008
5.8709216126506005 2.227820019958863
5.870725697128884 2.2276240469989332
5.870743349586998 2.227641693042277
5.8707426941812955 2.227641035967668
5.870742688832581 2.22764102991159
5.870742687957068 2.2276410289084017
5.870742687847025 2.2276410294884195
5.870742687811587 2.2276410295818114
5.870742687777275 2.2276410295818114
5.87074268784385 2.2276410295818114
5.870742687779151 2.227641029496557
5.87074268768469 2.227641029496557
5.87074268771538 2.227641029496557
5.870742687685429 2.2276410294176263
5.870742687773213 2.227641029494742
5.870742687744595 2.2276410300226863
5.870742688248877 2.227641029727356
5.870742687919482 2.2276410300890603
5.870742687784899 2.2276410293796993
5.870742687732072 2.2276410293796993
5.870742687265198 2.227641029448055
5.870742687520062 2.2276410291793876
5.870742687695468 2.2276410294435394
5.870742687695468 2.2276410291836832
5.87074268771973 2.2276410290558015
5.8707426872896775 2.227641028992837
5.870742687995813 2.2276410290548685
5.870742687879817 2.227641029177147
5.870742687788319 2.2276410297197042
5.870742687246796 2.227641029243993
5.870742687892469 2.227641029889432
5.870742687848515 2.227641029773594
5.870742687805113 2.227641029659213
5.870742687762244 2.2276410300546345
5.870742687741067 2.2276410295523243
5.870742687720137 2.227641029883281
5.870742687740828 2.227641030046868
5.870742687740828 2.227641029831189
5.870742687740828 2.227641029724528
5.870742687740828 2.227641029935568
5.870742687760638 2.2276410301443983
5.870742687682211 2.2276410302477423
5.870742687643391 2.2276410295316036
5.870742687681828 2.2276410295822524
5.870742687681828 2.227641029883209
5.870742687662975 2.2276410294360534
5.870742688111226 2.227641029534497
5.8707426880001865 2.2276410298271303
5.870742687890143 2.2276410300204694
5.870742688144649 2.227641029828834
5.870742687622023 2.2276410301137988
5.870742687300396 2.2276410302550684
5.87074268712321 2.227641029974893
5.870742687351656 2.2276410300675162
5.8707426874911 2.2276410299297065
5.870742687560267 2.2276410296562834
5.8707426876117355 2.2276410296562834
5.870742687679829 2.2276410296114193
5.870742688017711 2.2276410294333284
5.870742687933873 2.2276410296100853
5.87074268756771 2.2276410293469064
5.870742687633801 2.2276410296517155
5.87074268766661 2.2276410295220197
5.870742687357131 2.2276410297795786
5.870742687454181 2.2276410297795786
5.870742687534499 2.2276410297372444
5.8707426872632675 2.227641029569055
5.8707426873900515 2.2276410293184585
5.870742687515999 2.2276410295259104
5.870742687578562 2.2276410296083506
5.870742687640723 2.2276410297312155
5.870742687671606 2.2276410296905205
5.870742687702295 2.2276410294074416
5.870742687748044 2.2276410294476308
5.870742687748044 2.2276410294875744
5.870742687702849 2.227641029725788
5.8707426877327995 2.2276410296073923
5.8707426877327995 2.2276410293327658
5.8707426877032 2.2276410291767514
5.8707426877179145 2.227641029254309
5.8707426880544205 2.227641029292867
5.870742688258096 2.227641029101164
5.870742688142358 2.227641029177418
5.870742688027258 2.2276410290636672
5.870742687955713 2.2276410289882467
5.870742687884553 2.2276410289132325
5.870742687884553 2.22764102906246
5.87074268785639 2.2276410294706714
5.870742687828375 2.2276410292860898
5.870742687814439 2.227641029432992
5.870742687772847 2.227641029506067
5.87074268799355 2.2276410293243036
5.870742687924926 2.2276410293966444
5.870742687842986 2.2276410296125904
5.870742687802217 2.2276410296125904
5.8707426875182245 2.2276410296125904
5.8707426875855155 2.2276410296125904
5.870742687344423 2.2276410296478892
5.870742687464399 2.227641029683021
5.870742687544008 2.2276410296130864
5.870742687570422 2.2276410298219167
5.8707426876230056 2.227641029960497
5.8707426876491775 2.227641029891523
5.870742687662204 2.227641029891523
5.870742687428767 2.2276410298231673
5.8707426874933235 2.22764102989122
5.870742687544741 2.2276410298234666
5.870742687826307 2.2276410295199045
5.870742687826307 2.227641029486321
5.870742687788241 2.227641029252244
5.870742687762972 2.2276410292855418
5.870742687788135 2.227641029418171
5.870742687750548 2.2276410291870383
5.870742687763025 2.227641029285685
5.8707426877505995 2.2276410291874438
5.870742687985729 2.2276410290896025
5.870742687677597 2.2276410291870485
5.870742687702149 2.227641029510567
5.870742687726604 2.227641029510567
5.870742687750961 2.227641029478471
5.870742687714568 2.227641029542412
5.870742687944165 2.227641029542412
5.870742687908052 2.2276410295106883
5.870742687620258 2.2276410297319043
5.870742687668042 2.2276410294800453
5.870742687691844 2.2276410293232263
5.8707426877037 2.2276410293232263
5.870742687491076 2.2276410293854876
5.870742687549921 2.2276410294785354
5.870742687819616 2.227641029324023
5.870742687807933 2.2276410293548135
5.870742688005834 2.227641029385493
5.870742687959436 2.2276410294160627
5.870742687924761 2.2276410292942184
5.87074268807449 2.227641029415633
5.870742687776081 2.227641029324891
5.870742687753206 2.227641029204323
5.870742687776002 2.227641029294437
5.87074268779872 2.2276410293842415
5.87074268781004 2.2276410294140745
5.870742687584405 2.2276410294735385
5.870742687618137 2.2276410292957465
5.870742687438836 2.227641029148081
5.870742687505851 2.2276410292069513
5.87074268755038 2.2276410292656275
5.870742687594763 2.22764102944108
5.8707426878491376 2.227641029586815
5.870742688003474 2.227641029412498
5.87074268794853 2.2276410294414575
5.870742687893762 2.227641029297122
5.870742687861005 2.2276410293258975
5.870742687839236 2.227641029584063
5.8707426876113775 2.2276410295268723
5.8707426876654605 2.2276410294983657
5.870742687676244 2.227641029668875
5.870742687697744 2.227641029583882
5.870742687708462 2.2276410294709046
5.870742687708462 2.227641029442746
5.870742687740419 2.227641029442746
5.87074268776166 2.2276410293867666
5.870742687729893 2.227641029442579
5.870742687729893 2.2276410294147553
5.870742687708841 2.2276410293037894
5.870742687929249 2.22764102935911
5.870742687887389 2.2276410295797477
5.87074268784565 2.2276410297447473
5.8707426878248405 2.2276410294979603
5.870742687596591 2.2276410294979603
