5 2
4.468313645801429 2.464497574940838
4.286203283179271 2.6724729620823493
4.42932839208265 2.5170758071155035
4.3511898939508855 2.6013935984115175
4.3969091938751035 2.552563893196169
4.375112350029217 2.575806817322286
4.386496759878072 2.563740547141361
4.3808535261076065 2.5696377698769615
4.383787665238527 2.566659068766647
4.382369076568827 2.568127871992251
4.383067640091438 2.5673964838719505
4.382727300588032 2.5677590739992575
4.382893751041452 2.5675793130385256
4.382808419382751 2.567669152953121
4.382852953186013 2.5676237006375198
4.382829742511717 2.567646609465704
4.382841240539837 2.5676351885764657
4.382835440263166 2.5676409065490535
4.382838440345545 2.567637998674952
4.3828368794862085 2.5676394714060473
4.382837636387405 2.5676387500891353
4.382837280907476 2.567639100273172
4.382837451454457 2.567638926751138
4.382837366507453 2.567639013193299
4.382837408975675 2.5676389695380686
4.382837386576076 2.567638991705381
4.382837398363706 2.5676389806822537
4.382837392206721 2.5676389864942206
4.382837395227844 2.5676389829878183
4.382837393900783 2.567638984836748
4.382837394111417 2.5676389840311398
4.382837394429487 2.567638984454368
